ID_801 ID_801 -0.420822976931972 0.177091977913887 -4.12263 57 -13.5185 5.40198 -4.81994 0.664494 -4.92217 -0.451329 3.14677 0.42704 0.821306 -2.77705 1 7
ID_802 ID_802 -0.0805583280660987 0.00648964422080519 2.92534 56 -13.6236 3.21643 -0.856048 0.750187 -2.01798 -0.350832 5.10141 2.1807 -6.04343 1.78928 1 19
ID_803 ID_803 -1.32752644870189 1.76232647200306 -3.09118 61 -9.94475 3.60562 -0.917639 0.905664 -5.09843 -1.16329 -1.88102 -1.24154 0.699574 2.2442 0 20
ID_804 ID_804 0.698007239555549 0.487214106471958 4.58829 49 -12.5471 4.09467 -2.58951 6.06898 12.9822 -0.704179 2.90357 -0.334968 5.04274 0.66175 0 10
ID_805 ID_805 -0.657981606980219 0.432939795124272 -3.53948 56 -12.795 2.91524 -2.72794 3.61555 3.92957 -2.93899 -0.454737 2.31013 2.51783 -4.15592 0 7
ID_806 ID_806 -0.38533473443789 0.148482857564319 -3.86545 45 -14.3131 3.8688 -2.35992 1.46383 1.70165 1.28956 -0.541076 1.2599 2.57016 1.24728 1 19
ID_807 ID_807 2.02668281374319 4.10744322752203 3.21664 43 -11.3923 3.194 -3.16588 1.08546 -5.73746 -2.82959 1.82151 -1.84255 3.47628 2.10998 1 13
ID_808 ID_808 -1.53853362386462 2.367085711762 -1.5383 41 -14.2606 3.09845 0.27322 -1.04672 -11.1482 -2.43998 0.980476 -3.48514 4.24944 0.387898 1 20
ID_809 ID_809 1.17578882808599 1.38247936825183 -3.93326 53 -15.5125 1.73513 -0.8024 3.45576 -2.17675 -0.457671 -3.88171 -0.491936 -1.37463 -0.282003 0 7
ID_810 ID_810 -0.494313212430133 0.244345551982997 3.25203 61 -11.5364 5.79318 -2.31124 4.50233 1.53227 -1.89884 -0.672629 0.826352 4.0152 0.972757 1 7
ID_811 ID_811 0.0283145301568168 0.00080171261800129 -3.03543 53 -14.6676 3.49252 -4.6379 -2.27511 -0.284324 -0.497119 0.763985 -0.290512 -1.71877 -1.81891 1 13
ID_812 ID_812 -0.739836928209128 0.547358680341918 -0.955521 61 -9.62595 4.22147 -0.81132 -2.58754 -7.30043 -0.976351 -1.81316 -0.389733 2.03022 -0.916821 0 20
ID_813 ID_813 -0.190276144443634 0.0362050111443347 -2.57756 69 -12.5754 3.66198 -1.60691 4.80919 11.0615 1.2815 -2.1116 0.72576 -2.29973 -1.14946 1 7
ID_814 ID_814 -0.462965264893694 0.214336836498088 -5.29755 47 -11.0717 2.07917 -2.02912 3.76818 1.94793 -0.922492 -0.621087 -0.941679 2.40439 1.40538 1 10
ID_815 ID_815 -0.0161091448223819 0.000259504546908473 -1.9015 65 -11.7737 2.92503 0.566449 -2.75216 -4.56839 0.0517216 -0.535543 1.54582 3.82417 -1.02619 0 10
ID_816 ID_816 -0.132502130621424 0.0175568146192169 -3.50583 62 -11.112 5.17413 -0.901187 1.20039 -5.29841 -3.78304 1.2326 3.38317 2.16064 -2.39373 0 10
ID_817 ID_817 -0.702384158005553 0.493343505417169 -3.24516 55 -12.9827 3.69215 1.25435 1.25108 -5.85517 -1.73096 1.26648 -1.8669 0.917606 5.75146 1 20
ID_818 ID_818 1.04760867602998 1.0974839380933 -3.59214 64 -11.0692 4.12289 -4.68465 1.65083 0.821011 -2.49765 0.788694 -3.81433 7.71241 1.56778 0 7
ID_819 ID_819 -0.281573873050433 0.0792838459846212 -2.23238 53 -11.1852 2.84129 -1.21435 4.60297 2.67408 -1.30826 0.580529 -1.44631 4.06007 -1.06666 1 15
ID_820 ID_820 -0.0237771400755675 0.000565352390173159 -2.23238 67 -13.9545 3.54801 -2.07825 2.521 4.17629 0.307517 3.19639 -1.41631 1.84429 -1.13058 1 15
ID_821 ID_821 0.775996877227067 0.60217115346616 -0.496237 55 -13.8078 4.85929 -2.43355 2.50243 3.51427 -1.58614 -0.876545 -2.17327 -0.830324 0.233428 1 20
ID_822 ID_822 0.682375513695061 0.465636341690599 -4.11057 61 -12.5397 2.74165 -3.73751 3.27434 -0.804973 1.66577 -2.32862 -1.25198 -0.671735 2.03527 0 10
ID_823 ID_823 0.490823500042482 0.240907708193953 -1.24228 65 -12.9347 4.68642 -1.32907 3.28214 4.83848 -1.26837 0.30385 1.58139 1.694 0.93238 0 7
ID_824 ID_824 -0.277285710415731 0.0768873652007564 -5.84825 66 -10.3453 3.83794 -0.15994 0.806111 -9.08038 2.1933 -0.930061 0.125588 -1.86158 1.8524 1 7
ID_825 ID_825 -0.250204801560128 0.062602442723743 -4.56614 51 -13.6953 5.45943 -1.94792 0.327052 -5.35155 0.496736 -0.70357 -0.64886 -2.62731 -2.15867 0 13
ID_826 ID_826 -0.943007116487745 0.889262421746532 -2.7804 62 -13.7749 2.54246 -2.21191 8.37166 9.09547 -3.0032 2.429 -1.99605 -19.5749 6.69091 0 20
ID_827 ID_827 -0.149211178129054 0.0222639756786603 -1.43586 64 -13.0157 3.14945 -3.01518 2.06615 5.47884 3.3593 -0.237218 1.19166 -2.66576 1.15228 0 15
ID_828 ID_828 0.123604686044199 0.0152781184120849 0.319991 53 -11.0873 4.82932 -1.53311 6.0144 8.49795 -0.414457 0.266466 0.925633 5.58765 -1.48471 1 20
ID_829 ID_829 -0.965081648277219 0.931382587841473 1.15074 51 -11.1703 2.6416 -0.869812 4.91879 -2.44676 -1.07441 -1.9161 2.83579 -0.863534 -0.0179632 1 13
ID_830 ID_830 -0.499171721819204 0.249172407863949 -3.41621 47 -12.378 3.58799 0.20882 -0.929758 -0.917759 -0.203517 2.21153 -1.38012 3.99131 0.364623 0 10
ID_831 ID_831 0.30113039433007 0.0906795143893832 -4.1562 56 -13.5178 3.67795 -4.73271 -1.11738 -2.68509 0.568876 0.860926 -0.660651 -1.18363 2.29163 1 10
ID_832 ID_832 -0.667508510173571 0.44556761115414 2.27244 67 -13.2517 3.00705 -2.05083 0.407718 -6.90379 1.16069 0.140759 -0.896565 -0.478376 -1.94758 0 7
ID_833 ID_833 1.63054530690301 2.65867799786343 0.272981 57 -12.0828 3.5762 -2.33153 2.49547 -0.176438 -2.34046 1.39417 -5.43135 -4.87141 2.94259 0 10
ID_834 ID_834 -1.03428372114068 1.06974281581661 -3.53442 46 -12.2844 4.9515 -1.11086 -0.897345 -2.82755 1.18263 0.673193 1.44884 0.738102 2.61036 1 20
ID_835 ID_835 0.0314831232366449 0.000991187048733772 -1.94647 68 -11.5367 4.8626 -1.55699 -1.59413 -3.16179 -1.20413 -0.998578 2.33641 0.799527 -0.530191 0 10
ID_836 ID_836 -0.7119744330605 0.506907593331821 -0.0673008 60 -9.45632 4.82329 -0.763539 -1.83264 -4.39384 0.237966 0.0988014 -1.53161 0.606182 -1.46281 0 13
ID_837 ID_837 0.1087756704306 0.0118321464776265 0.818707 59 -12.1919 3.79373 -3.23948 0.746033 1.22327 0.534221 -0.371313 -2.40025 -2.34624 1.55648 1 19
ID_838 ID_838 0.519235217991613 0.269605211602798 -3.60302 56 -11.007 3.53266 -1.57079 -0.504413 -1.36409 1.72642 0.742329 1.89952 0.907872 0.0671713 0 7
ID_839 ID_839 -0.680204006446751 0.462677490386212 -5.297 46 -16.2291 2.69423 -3.15575 7.77785 -3.86804 -1.1491 -2.86845 -5.50585 2.84915 1.61695 1 20
ID_840 ID_840 0.339005643610955 0.114924826400078 -2.37636 40 -13.5836 1.203 0.875952 -1.21751 -1.17907 -1.24062 -0.341476 -0.364864 3.74411 0.10254 1 10
ID_841 ID_841 1.70103594095226 2.89352327241136 -2.20283 47 -7.7321 2.47913 -0.702689 -3.45182 -5.98699 -1.37535 0.695621 -1.23784 -0.639273 0.00469732 0 20
ID_842 ID_842 1.63453773418359 2.67171360447003 0.0231676 62 -14.5485 5.08272 -2.01834 5.04604 3.18659 -1.05096 -4.13525 -0.347098 4.43966 -0.894379 1 10
ID_843 ID_843 -0.122869607658745 0.0150969404862138 -1.29249 43 -13.4214 3.28805 -3.30659 -1.57821 -5.01147 1.53947 0.873029 1.41293 2.67003 -2.94235 1 10
ID_844 ID_844 0.226288225784515 0.0512063611287035 -5.28494 61 -7.6461 5.30866 2.6682 -2.28441 -4.13019 1.41855 1.69478 2.48684 -2.55443 -1.46235 0 20
ID_845 ID_845 -0.612184874999762 0.374770321178474 -2.09458 60 -12.9878 5.82139 0.995958 2.49419 -3.8316 -1.78446 -3.19094 1.1857 -4.47289 3.65407 0 13
ID_846 ID_846 0.168450840100708 0.0283756855306344 -0.818329 54 -11.5637 3.47304 -1.13687 3.08569 -9.17229 -1.43704 -2.0399 -1.52747 1.41413 2.40468 1 13
ID_847 ID_847 0.360847811907908 0.130211143358725 0.268324 69 -10.8837 8.04458 -0.8767 -0.560297 -3.91796 -2.72911 1.73027 0.665975 1.79152 3.30011 1 10
ID_848 ID_848 -1.9090055267582 3.64430210119333 1.62943 43 -14.1741 4.61995 -3.41413 1.93736 5.94444 -0.229137 1.35091 0.285739 0.285728 -2.39617 0 10
ID_849 ID_849 0.373564432134954 0.139550384956311 2.65247 69 -12.1309 4.17655 1.74937 -3.54332 -6.16456 -2.63705 1.51811 2.50861 -1.20468 -2.06699 0 20
ID_850 ID_850 -0.857497351240101 0.735301707383789 -2.65437 63 -13.6174 1.31663 -2.48945 -0.265915 -3.67705 -1.13206 1.49474 -0.765926 -1.76798 3.67997 0 10
ID_851 ID_851 1.28755566798848 1.65779959816927 -2.57488 66 -12.4921 4.97671 -2.57957 1.16818 -5.08964 -0.565088 1.42924 -2.2203 0.970783 2.84956 1 10
ID_852 ID_852 -0.725810622842419 0.5268010602309 -4.56882 65 -14.593 3.48547 -2.63102 4.7703 6.33861 1.36544 1.63102 -2.36625 0.641583 -3.70824 0 15
ID_853 ID_853 0.104572003611361 0.0109353039392945 -2.90903 64 -12.1334 3.45576 0.126466 -7.64909 -0.0391152 -0.863848 -1.84902 -3.26887 -7.47376 -0.206353 0 20
ID_854 ID_854 -0.313133060125527 0.0980523133435767 -2.98735 69 -12.929 4.6011 0.769873 1.60326 6.91855 -1.96506 -2.12399 4.93939 5.29902 -3.56718 1 7
ID_855 ID_855 -1.90902665071206 3.64438275312891 -2.9452 49 -11.3413 4.42917 -0.376678 0.450422 4.62324 1.3505 -1.08261 0.956941 1.95271 -2.47323 0 20
ID_856 ID_856 0.56460947089476 0.318783854624061 -3.06185 61 -12.5412 2.59372 -0.497901 3.36068 -9.11242 -2.67083 -0.937876 -0.139158 -1.59502 1.26702 0 13
ID_857 ID_857 2.28380358019436 5.21575879290859 -0.469945 51 -11.8778 3.44779 -5.85246 3.02605 -5.087 1.21811 -0.110302 0.0853819 5.62692 -2.90302 1 19
ID_858 ID_858 0.578973759523318 0.335210614216564 -3.66477 60 -12.7844 3.49572 -1.13202 -0.889219 -1.37444 2.68138 2.60192 0.668976 1.68339 3.47884 1 15
ID_859 ID_859 -1.43620919134002 2.06269684128955 -3.37614 45 -12.6333 1.80927 -3.81923 3.34003 -10.3111 -0.0127813 -1.44637 -1.1954 0.0954087 -4.55731 0 13
ID_860 ID_860 -0.988170129852237 0.976480205532188 -5.38678 50 -10.1368 5.34002 -2.7351 -1.11946 -5.8457 -1.10656 1.45558 -0.841813 -1.45846 3.01789 0 10
ID_861 ID_861 1.04285578641024 1.08754819124933 -3.10063 52 -12.9911 3.57232 -0.388021 1.33816 -0.636754 -1.9332 3.099 -1.7793 2.11434 4.32831 1 20
ID_862 ID_862 0.0717031313966042 0.00514133905207869 -2.75628 43 -10.6248 5.58684 -1.8316 0.192761 -10.4316 -1.61969 0.0984033 -1.00349 1.99083 4.35163 0 13
ID_863 ID_863 0.709139563242681 0.502878920156021 -2.33412 46 -10.4592 3.21306 1.64551 -2.75777 -7.29536 0.193798 5.66659 1.70658 -3.15479 -2.7925 0 7
ID_864 ID_864 0.0936086715551535 0.0087625833903206 -0.599871 55 -10.7247 4.77882 -2.43349 -0.0167194 -7.18957 -3.92424 1.74134 -2.27448 -0.26499 0.947191 1 20
ID_865 ID_865 -0.577055739721393 0.332993326745404 -2.62738 50 -11.589 3.52719 -1.52619 1.47822 -2.93698 -0.673818 -1.12056 -0.014054 0.478236 0.837721 0 15
ID_866 ID_866 -0.244036607031395 0.0595538655713954 -2.36183 43 -12.4671 3.14715 -2.46224 2.05411 -2.23986 -0.429023 0.119413 -0.120847 6.7708 -3.33958 0 20
ID_867 ID_867 -0.323441549611903 0.104614436015349 0.774742 60 -11.7505 1.16772 -0.374707 0.0713915 -3.72552 0.00385988 -0.272136 -1.92533 -0.903901 0.715282 1 20
ID_868 ID_868 0.618369933482521 0.382381374635178 -2.03754 53 -10.3473 2.87452 -4.17889 3.20341 4.06611 -0.0736287 2.76169 -3.25136 -2.64332 -1.08371 0 10
ID_869 ID_869 0.801345621865697 0.642154805683321 1.3368 58 -12.1485 1.60388 -2.1442 -0.696815 -5.17023 0.922645 1.2012 0.43717 -3.259 -0.76765 1 13
ID_870 ID_870 -0.526147010905479 0.27683067708477 -3.35782 49 -12.2796 4.99473 -2.40337 -0.548564 -2.01345 -3.4406 0.583278 -0.438479 2.06647 2.26711 0 10
ID_871 ID_871 0.377049884522766 0.142166615418631 -4.08646 60 -12.87 3.61731 -1.99163 3.80914 1.69825 -1.65987 1.06516 0.763017 2.91412 1.40745 0 10
ID_872 ID_872 -0.466725328681758 0.217832532433095 -4.1396 66 -10.9167 5.51556 -1.8748 -5.91147 -6.82793 1.29548 0.118709 0.825153 -1.61882 -3.00032 0 10
ID_873 ID_873 0.280323299772527 0.0785811523953583 -5.1054 54 -13.5296 2.89289 -4.42873 2.03922 2.82859 -1.08255 1.52412 -0.090409 -0.001355 1.36189 0 10
ID_874 ID_874 -0.0649477261594755 0.00421820713328622 -3.4943 45 -13.501 3.91229 -2.95716 3.45021 -1.21937 -0.150895 -0.48847 -0.261313 -2.30319 0.455024 1 13
ID_875 ID_875 -0.308506914228976 0.0951765161270849 -5.30906 58 -12.0123 5.27565 -3.75245 -0.789391 -8.01277 -2.84251 1.54672 -0.017362 3.30152 -2.47938 0 10
ID_876 ID_876 0.274239601059256 0.07520735878914 -2.47304 62 -11.4169 2.86115 -0.357593 -0.469119 -5.87119 1.29608 1.87603 1.42789 0.13078 -0.396843 1 20
ID_877 ID_877 0.823018798531725 0.677359942736604 -4.00346 62 -13.352 5.34564 -2.2352 0.180602 -4.95678 -3.54796 2.79744 -0.716898 -1.19653 0.583294 1 7
ID_878 ID_878 0.103241194517833 0.010658744245469 -1.18443 56 -13.5275 4.51982 -2.25543 2.13491 -7.62964 -2.64608 2.11106 -3.38092 2.37875 1.95469 1 20
ID_879 ID_879 0.841671249794984 0.70841049273145 0.014561 62 -13.1091 5.14695 -2.72055 1.44384 9.32911 0.447099 0.714237 -2.03071 5.89203 0.0505282 0 20
ID_880 ID_880 0.241835455829542 0.0584843876962822 -5.6955 53 -12.5779 4.07833 -0.0356614 -1.49344 -4.90961 2.35778 0.649256 -1.25598 3.94361 2.46652 1 20
ID_881 ID_881 -0.690512495933127 0.476807507039797 -3.57201 66 -10.5269 4.38871 -2.17725 -2.37793 -2.54821 -0.931194 4.41533 0.492079 2.75818 -1.00511 0 7
ID_882 ID_882 0.360678820276984 0.130089211396397 -3.1153 67 -12.6255 2.69088 -1.03868 8.28882 16.6449 1.08499 -0.0140455 0.764277 0.25036 -1.64932 1 20
ID_883 ID_883 0.763259133046156 0.582564504178369 -4.41346 58 -11.9372 4.58998 -0.950434 2.93869 -5.22407 0.71356 -0.380815 -0.198465 3.98241 -0.697474 1 7
ID_884 ID_884 0.426881291691538 0.182227637196236 -2.20811 46 -10.4754 2.54909 -1.62205 -0.637058 -3.21211 -1.23466 1.0682 0.561022 6.50965 0.256303 0 13
ID_885 ID_885 -0.790217558178404 0.624443789253439 -2.34709 42 -11.3775 1.72252 -1.3446 -1.68822 -3.66966 -1.62711 2.89597 2.02052 1.44186 1.30486 0 13
ID_886 ID_886 0.098974155836997 0.00979588352364617 5.13117 41 -11.4865 4.07925 2.25675 -3.20362 -4.52536 4.19784 -4.24721 4.10576 -2.8512 -4.81936 1 20
ID_887 ID_887 -0.341650397843985 0.116724994346953 0.917435 45 -13.2954 3.15155 -0.852815 9.2502 17.4098 -1.35778 -1.454 -2.13337 4.25041 -0.840574 0 10
ID_888 ID_888 -1.11871616474118 1.25152585725322 1.76142 59 -14.0133 1.85471 -2.37877 4.97655 -2.27054 -0.716526 0.0403223 -4.50148 -2.04219 3.52229 0 10
ID_889 ID_889 -0.994274952519374 0.988582681207403 -3.4308 56 -14.537 1.7347 -0.336153 -0.575121 -5.64822 -0.71075 -0.00805818 -0.927897 2.6731 0.793612 0 20
ID_890 ID_890 0.0237095082141319 0.000562140779755988 -4.3922 43 -10.5902 2.65308 -4.00828 4.05089 5.98226 1.07298 1.84623 2.65651 2.61231 -1.2968 0 20
ID_891 ID_891 1.2996174456457 1.68900550502665 0.851179 59 -16.0064 3.77003 -0.74242 -1.67955 -5.66865 -1.08869 -0.774291 -2.68124 0.342307 -0.794465 0 15
ID_892 ID_892 0.0429745541394907 0.00184681230348801 -2.01954 62 -13.9117 2.88492 -5.21784 -0.805469 -5.15015 0.955239 0.420068 2.84047 -2.44705 -2.37512 0 19
ID_893 ID_893 -0.919496155835416 0.845473180596108 -4.11057 44 -12.0188 3.82105 -0.635168 -0.338065 -1.29415 1.37149 -1.05751 2.51473 1.7386 -1.81532 1 13
ID_894 ID_894 -0.0542590055035201 0.00294403967823102 4.90884 56 -10.9479 4.16612 -2.76032 -1.37336 -3.81052 0.727948 0.356435 -0.296986 0.223911 -0.515554 0 7
ID_895 ID_895 -0.988233501713834 0.976605453909586 -0.643394 58 -12.8523 4.90781 0.299111 3.6085 6.73145 -0.999442 2.85283 -1.88096 -0.6268 0.553295 1 20
ID_896 ID_896 -0.675239877288353 0.45594889188039 -4.30888 42 -10.9537 1.32989 -3.77148 -4.36467 -9.57945 0.188672 3.88661 -0.508685 1.86878 -4.00322 1 20
ID_897 ID_897 0.856964992393624 0.734388998188204 -0.714459 60 -15.5808 5.83463 -1.30715 6.66315 12.0406 -2.06691 1.09532 2.82093 3.23227 -2.40782 0 10
ID_898 ID_898 0.919914374912888 0.846242457171369 -4.54532 46 -11.7183 5.81554 -1.20427 -0.788337 -5.34694 -2.03327 -0.0480059 -1.26226 2.09046 1.08335 1 10
ID_899 ID_899 0.987151920066854 0.974468913291676 -3.9043 45 -12.5346 4.84397 -2.05281 1.86179 5.23007 -0.0603804 1.10043 -1.12037 2.26749 0.74501 0 20
ID_900 ID_900 0.0644153673129987 0.00414933954606854 3.97462 53 -12.4772 6.13593 -1.20122 -1.68757 -7.20549 -1.907 -0.318339 -0.478414 -0.127885 -1.50601 1 20
ID_901 ID_901 -0.761763592321543 0.580283770586621 -5.51864 68 -15.7231 3.55392 -4.09707 6.73225 10.0907 0.64404 2.95072 -0.449136 -26.0173 3.9409 0 20
ID_902 ID_902 0.960683605873351 0.922912990593823 -6.07871 59 -10.8868 3.75291 -0.152555 7.28477 9.41548 0.631147 2.94507 -0.727968 -20.4243 2.67907 0 10
ID_903 ID_903 -0.627161758290418 0.393331871061929 -3.22249 49 -9.2276 2.14503 -3.35856 1.61561 -8.80221 -1.60937 -1.07629 -1.56155 0.494195 -0.332065 1 10
ID_904 ID_904 0.883222067048471 0.780081219721374 -2.35647 47 -12.0009 3.98485 1.42712 -0.0939211 -1.19113 -0.878505 4.19223 0.347818 -7.00193 3.17427 1 19
ID_905 ID_905 1.9402224705716 3.76446323531097 -0.340579 64 -12.2256 5.24282 -2.92761 7.6723 10.9038 -0.664234 -1.20153 5.24163 4.01493 -1.61115 1 13
ID_906 ID_906 0.190102892812871 0.0361391098558219 0.250178 49 -11.7943 1.66726 -0.975749 3.36961 0.550402 -1.92325 0.810137 -0.340172 0.760592 -2.74445 1 13
ID_907 ID_907 -0.485610143437536 0.235817211409425 -1.85416 68 -14.0153 1.96643 -1.69889 3.31325 -5.2908 -0.824454 -1.96487 -2.01602 3.03017 0.0709274 1 20
ID_908 ID_908 1.54469755839351 2.38609054690689 1.66851 42 -10.1316 4.13508 0.478914 3.69173 3.2619 -0.166438 -2.99546 0.239934 5.57296 -3.35739 1 13
ID_909 ID_909 -0.35130404476053 0.123414531865108 -5.1054 65 -12.2605 2.90394 -2.76484 3.08727 -5.95209 -1.14529 2.80571 -0.100778 -1.01695 0.628987 0 20
ID_910 ID_910 0.323395041704333 0.104584352998947 7.1238 61 -14.262 4.61333 -2.4115 4.05392 8.03903 0.736601 -0.683951 1.27098 -3.32894 -0.801473 1 10
ID_911 ID_911 0.503772483762049 0.253786715395784 -2.66658 67 -9.78751 2.09129 -2.80797 1.20079 -9.27063 0.304274 1.73077 -3.57557 4.54015 -0.475013 1 19
ID_912 ID_912 -0.194585431032202 0.0378634899699877 -0.889256 65 -11.1889 5.70191 -1.23149 0.137626 -4.79669 1.99269 -0.116575 0.125889 0.503579 -2.76199 0 10
ID_913 ID_913 0.237441673425512 0.0563785482791076 0.914803 69 -13.1326 3.55666 -0.392422 10.6316 19.6507 -0.832396 1.91344 1.88755 3.65592 1.97067 0 7
ID_914 ID_914 0.160782844847523 0.0258511231972625 4.96329 42 -10.7911 1.35748 -1.49565 2.48377 4.15843 -0.913618 -1.21833 -1.3605 -0.0995963 2.64025 0 10
ID_915 ID_915 0.343188186476329 0.117778131336912 -0.277011 64 -12.5901 4.35455 -0.565579 1.9371 -1.13628 -1.42921 0.251135 -2.6264 -1.08807 1.44501 1 15
ID_916 ID_916 -1.62528970239033 2.64156661669605 1.03195 60 -12.5775 3.4457 -2.64559 4.17344 8.69763 -0.412114 2.38533 3.20393 2.7639 0.293962 0 20
ID_917 ID_917 0.735966984651898 0.541647402497606 6.26433 46 -9.74404 6.27818 -1.23578 -0.455473 -3.10658 -0.50887 -2.02572 -1.55891 4.26542 -1.19478 0 10
ID_918 ID_918 -0.874312018517059 0.764421505723374 -2.36165 67 -10.4778 5.20986 -1.53827 -2.67913 -9.31689 -2.4875 0.0138545 -5.10522 3.53467 4.72081 0 20
ID_919 ID_919 -0.277264586461865 0.0768756509058691 -5.67139 62 -9.49053 6.6172 0.432139 -4.10979 -2.54743 -1.31375 2.42119 2.0431 -2.77457 -0.92063 0 10
ID_920 ID_920 0.58127627049466 0.337882102640181 -4.37721 69 -14.3767 3.59785 -1.79316 6.31531 1.69531 -1.66329 -0.813298 -0.214682 4.17052 -2.458 0 20
ID_921 ID_921 -0.393995555522756 0.155232497771685 -2.27876 45 -13.7838 1.64659 0.130631 5.27653 3.93787 1.60781 1.66119 -0.819314 -12.177 5.22024 0 10
ID_922 ID_922 0.989074199868616 0.978267772845743 -4.82402 62 -13.8349 3.36425 -4.23518 0.854628 2.22743 -2.27305 1.35963 -0.998394 0.954117 0.600669 0 7
ID_923 ID_923 1.06733844894039 1.13921136458647 -3.47707 69 -10.0904 4.69468 -1.85272 0.865916 -7.09056 0.39295 -1.49988 -2.10902 -1.04189 -1.04528 1 19
ID_924 ID_924 -0.777268574458838 0.604146436841274 0.273461 68 -10.9327 2.12842 -1.11438 0.422184 -3.52065 -2.91017 2.50711 -0.310006 4.19245 1.62622 0 13
ID_925 ID_925 2.02942892774571 4.11858177277111 -2.82703 69 -11.5383 3.99949 -4.40158 -2.4632 -5.04298 2.0523 1.96968 -0.135308 0.0282031 -2.16183 1 10
ID_926 ID_926 -0.320019469085688 0.102412460593885 -3.81543 45 -11.2236 3.22536 -0.394011 2.44436 -0.765392 2.60233 -0.639383 1.52529 0.534847 -1.87911 1 20
ID_927 ID_927 0.159726647154247 0.0255126018111372 -4.5797 54 -12.8728 5.33556 -2.78011 4.08375 8.88629 0.154192 -1.00869 3.3597 0.845621 -3.59715 0 20
ID_928 ID_928 -0.682654385095152 0.46601700948964 4.28264 45 -10.9888 5.11786 0.23179 2.05903 3.84814 0.949333 2.40211 0.142341 1.1676 -1.59442 0 19
ID_929 ID_929 -1.93826220286195 3.75686036704325 -4.06904 50 -13.1136 6.25151 -2.67476 -2.99326 -7.32667 -0.689334 0.42747 0.318215 -1.31251 -2.30757 0 10
ID_930 ID_930 2.98330218849735 8.90009194789309 2.29822 45 -11.6392 1.07983 -2.31879 -0.0155739 -5.65281 -1.01405 -0.354113 -1.03384 2.34821 -1.85633 0 20
ID_931 ID_931 -0.00620201045945131 3.84649337391435e-05 -3.44275 43 -10.9915 3.1252 -2.54434 5.55832 4.922 -1.61467 1.24567 1.91601 3.716 -1.74615 1 20
ID_932 ID_932 -0.739139837731566 0.546327699721845 -3.90914 58 -11.7941 3.00362 -0.917944 3.37488 -0.915978 1.61043 -1.13002 -3.41332 2.75951 4.46805 0 7
ID_933 ID_933 -0.0427042027390779 0.00182364893158027 -4.89512 64 -15.3532 4.00703 -2.59684 0.774759 -4.52279 0.730275 1.28244 -0.538234 3.5485 -0.743939 0 20
ID_934 ID_934 0.52052377917741 0.270945004689133 -4.78062 50 -13.0538 3.91508 -1.56135 6.49428 20.8533 0.410023 -3.87995 1.67711 4.31525 1.43909 0 20
ID_935 ID_935 1.21831134721729 1.48428253875841 -4.3465 48 -15.6399 3.84637 -5.69375 -0.0445408 -7.26203 2.28254 0.900326 -2.94681 -1.30946 -3.78094 0 10
ID_936 ID_936 0.168176228700456 0.0282832438999082 -2.13807 69 -12.7677 4.63276 0.915621 -0.0752887 0.335475 1.28861 2.61836 -1.8946 1.4782 -3.22448 1 13
ID_937 ID_937 0.651344425466605 0.424249560586422 -5.18366 61 -12.6999 4.73559 -1.1371 -1.17411 -6.46626 -2.13947 -3.03753 -0.254072 0.313389 0.503241 1 20
ID_938 ID_938 -0.311168532416033 0.0968258555659478 -3.1904 67 -13.0853 6.12259 -0.555084 2.01605 -8.3735 -2.34376 -0.17122 -0.108777 3.73273 6.92981 1 19
ID_939 ID_939 0.137778859087966 0.0189830140115815 5.6002 68 -13.6834 2.84414 -1.43104 2.82464 -12.8734 0.156988 0.317822 -6.22766 7.27326 -0.278002 0 7
ID_940 ID_940 0.792684800780832 0.628349193388947 -3.13209 65 -9.96387 2.87309 -2.75032 -2.06955 -6.92107 -2.28117 -2.57035 -1.41523 -0.59457 1.44585 0 7
ID_941 ID_941 3.02058596707 9.12393958446022 -4.13532 54 -13.3421 1.83125 -2.51775 3.92839 9.83597 0.0757725 0.115361 2.12641 -0.321114 -2.81482 0 20
ID_942 ID_942 3.60502239866748 12.9961864948942 -3.44152 53 -12.5022 3.48976 -5.13685 1.27567 -5.10885 -1.07488 -0.0365002 -2.08895 2.08742 0.357373 1 13
ID_943 ID_943 -0.440003527041869 0.193603103809284 1.87149 65 -13.0853 3.98585 1.4511 -3.04428 -1.05936 3.31731 5.66788 1.24867 -3.62363 -2.46258 0 13
ID_944 ID_944 -0.895288104705525 0.801540790427211 1.87273 69 -11.461 3.42055 -3.59229 2.54538 -2.63075 -2.63822 0.0515716 -2.11151 -4.99273 3.30471 0 7
ID_945 ID_945 -0.357936966274305 0.128118871825653 -2.62505 41 -9.02691 2.63678 2.39005 -7.26673 -6.67949 0.308781 -1.33347 8.04558 -2.07904 -2.77065 1 10
ID_946 ID_946 -0.644145417198301 0.414923318497573 -3.9278 48 -15.5227 4.8038 -3.61372 -0.286371 3.42113 2.3952 2.89761 0.588525 4.28915 -1.09962 0 20
ID_947 ID_947 -0.385841709330663 0.148873824659208 -2.60353 68 -11.1124 6.654 -1.576 0.943547 -1.58925 3.29688 -3.95758 2.69817 4.19058 0.674883 1 19
ID_948 ID_948 2.43217823214581 5.91549095292391 -4.41346 57 -13.7274 5.2874 0.0013223 3.0205 -8.59114 -3.2331 0.0422868 -6.1665 3.61266 6.84884 1 20
ID_949 ID_949 -0.816749244233504 0.667079327956 -2.84062 48 -14.1413 3.92847 -0.840697 1.68622 -0.336689 -0.667153 1.74827 -3.22608 -3.5598 1.01274 0 13
ID_950 ID_950 1.40392752983366 1.97101250902484 -3.15415 63 -11.4808 2.66064 -0.663488 2.1115 -3.75809 1.11322 -1.70031 -2.01319 -1.92934 1.69327 1 10
ID_951 ID_951 -0.787555939991348 0.620244358615656 -4.97677 56 -11.7871 0.41004 -1.49135 -2.2834 0.470367 -3.09903 0.336362 1.82094 -1.27392 -0.79941 0 20
ID_952 ID_952 -0.608340315396236 0.370077939336392 1.13775 69 -13.6557 2.42409 -3.72442 0.22486 0.0332955 -1.41682 0.443295 0.273631 1.81818 -3.1665 1 10
ID_953 ID_953 0.046396634665706 0.00215264770830299 1.8025 54 -12.9888 3.96292 -5.7615 -0.563412 -5.56372 0.396371 -1.22862 1.23062 4.88855 -1.60674 0 20
ID_954 ID_954 -0.722642029762591 0.522211503179397 -2.79755 64 -12.8886 6.46886 -3.54418 3.8911 -6.98802 -1.03873 -5.32571 -2.26344 6.2156 -1.16123 0 20
ID_955 ID_955 4.33255249375002 18.7710111110995 2.5567 43 -8.79936 4.51637 -0.992715 4.58729 2.4272 1.30369 0.35444 -0.0841433 0.678252 0.0647332 0 20
ID_956 ID_956 0.27757718577001 0.0770490940599984 2.06743 48 -14.1998 3.19837 0.316149 -1.74699 -2.00645 -1.93809 3.03256 -0.283462 -2.63498 -2.59868 1 7
ID_957 ID_957 0.817336454941899 0.668038880576992 0.320117 59 -13.4495 6.22312 -2.16139 1.96166 -7.05665 1.22565 -0.358472 -2.32803 4.15366 3.0253 1 19
ID_958 ID_958 0.762224059306745 0.580985516586053 1.49363 53 -11.7665 6.16793 0.536245 3.617 -6.19997 -1.25627 -2.04526 -1.97644 2.28814 0.258853 1 10
ID_959 ID_959 0.321747373302822 0.103521372227265 0.96239 50 -14.0011 2.91538 -3.38967 4.88256 1.32853 -0.0978817 2.41796 -4.04626 -10.3438 4.10042 1 13
ID_960 ID_960 1.87746320363713 3.52486808101139 -1.98532 43 -14.2701 5.30432 -4.03807 1.96956 7.88048 -1.48695 1.56074 -2.12064 -16.6618 1.09221 0 20
ID_961 ID_961 -0.590617318103061 0.348828816443252 -2.59147 60 -10.7329 4.92874 -0.0317803 -2.41229 -3.54801 -1.39377 -1.5852 -0.400399 -0.030793 -3.90205 0 10
ID_962 ID_962 0.734044704850135 0.538821628718522 -2.65006 60 -12.8216 1.70417 -2.72624 2.57393 4.24875 -0.527482 3.88139 -5.58109 -15.0303 2.32995 1 20
ID_963 ID_963 -0.107850476460356 0.0116317252727258 3.10015 62 -13.5584 3.70175 -0.427887 1.03739 -0.934328 1.11813 1.43569 -0.472267 -0.510166 -0.651675 1 13
ID_964 ID_964 -0.276102768999262 0.0762327390490597 -0.0781575 60 -12.9452 6.07432 0.259666 0.0567156 -1.99321 0.909501 -1.16835 4.40387 -3.66405 0.739347 1 13
ID_965 ID_965 0.541985716304784 0.293748516678409 -5.20723 62 -13.859 5.19253 -4.85017 -1.64021 0.0673577 -0.574395 1.25066 0.718514 -5.36069 -0.466586 0 20
ID_966 ID_966 -0.27058941704036 0.0732186326142418 -3.80247 60 -11.2867 4.44479 0.545414 2.08411 -2.83128 0.791172 2.65099 0.26845 -2.56369 3.23476 1 10
ID_967 ID_967 1.80798651937342 3.268815254236 -4.03554 64 -14.5407 5.20167 -3.51274 3.72726 -2.72595 -2.43647 1.31523 0.234745 3.64579 1.38162 0 10
ID_968 ID_968 0.706393449240163 0.498991705129414 7.13836 62 -13.1719 3.12264 -1.22205 -4.01896 -8.1731 0.0646514 4.05574 1.54108 3.59755 -0.258642 0 10
ID_969 ID_969 -0.55215059811394 0.304870282997581 -2.79388 66 -9.75283 6.32219 -4.11749 0.452733 -3.1948 1.17418 -0.42879 3.62135 2.49998 -1.43799 0 20
ID_970 ID_970 -0.234826563146026 0.0551435147589747 -4.15221 65 -13.8794 2.48555 0.0271065 1.67761 -2.2953 -0.186133 -2.6227 -1.95574 2.04782 2.23338 0 7
ID_971 ID_971 -0.270758408671284 0.0733101158662059 -1.28399 69 -13.0218 3.7317 -2.21399 4.00268 -0.877921 -0.153178 -1.80889 -1.0315 2.09955 1.97578 0 20
ID_972 ID_972 0.523354388995391 0.273899816480739 -2.46024 46 -10.7324 2.95051 -1.9306 3.26123 -4.90589 0.110938 0.405244 0.295451 2.74774 0.845092 0 10
ID_973 ID_973 -0.79746307435428 0.635947354958579 0.604061 57 -12.564 6.56146 -1.49712 -1.43004 -4.69537 0.619478 0.0705779 0.474721 1.93145 0.106512 0 20
ID_974 ID_974 0.0818215052981911 0.00669475872926191 -2.06821 55 -13.4433 3.53966 -5.22608 2.60764 -6.30059 0.409827 1.73024 0.305031 -1.39262 -2.88171 0 10
ID_975 ID_975 -1.65146228122972 2.72732766632446 -1.42004 57 -14.8218 3.87747 -2.46525 1.30728 -1.56652 -2.17223 -0.182429 -2.66957 0.483032 0.377839 0 10
ID_976 ID_976 1.30722206903729 1.70882953777812 -3.27527 60 -10.4961 4.63031 0.118039 -3.97596 -5.17142 -2.03494 -0.593712 -2.01337 -1.3789 -1.07839 1 20
ID_977 ID_977 -0.248155778035172 0.0615812901722417 -2.84866 44 -12.2695 5.33962 -0.149749 -0.766841 -1.0571 -0.729144 2.51225 -1.03396 -5.09535 -3.59553 0 10
ID_978 ID_978 -0.904772759991145 0.818613747221995 -4.52058 46 -10.9878 4.70223 -1.33563 1.75806 -6.10029 -1.50957 2.19632 -2.54809 -1.152 3.39043 0 20
ID_979 ID_979 0.77409572137917 0.599224185857538 -2.72334 61 -11.6939 4.20944 -0.348683 -0.684061 -1.7697 -0.0286095 1.73537 -0.523265 -0.509431 -0.196035 0 10
ID_980 ID_980 -0.593384556059444 0.352105231369864 -3.4943 65 -12.8497 3.01195 -1.01995 0.878025 -7.13303 0.740844 1.00642 -3.16132 5.303 1.55003 1 10
ID_981 ID_981 -0.822410463869464 0.676358971081987 -2.98674 67 -9.37071 2.09132 -1.92464 1.15209 -7.78417 0.0136267 3.26281 -0.521064 -2.3641 1.01231 0 20
ID_982 ID_982 -0.49239093262837 0.242448830534636 2.58738 66 -13.1296 5.20119 -1.00222 2.7406 -1.66541 1.07659 0.305089 0.586677 4.0252 3.22494 0 20
ID_983 ID_983 -1.14467750404191 1.31028658825962 -1.36376 44 -12.7627 3.30476 0.103765 2.64083 0.596177 -3.30527 -1.36859 -2.03191 0.0534896 2.85576 0 13
ID_984 ID_984 -0.660094002366771 0.435724091960583 -1.70331 57 -11.8534 3.39054 0.0833 -2.10656 -4.03929 -0.196007 0.321694 -0.0460643 3.82073 1.40541 0 19
ID_985 ID_985 -0.499002730188279 0.249003724735357 -2.8634 66 -13.1842 5.20431 -2.89963 5.21163 -3.26998 -0.327019 -1.6086 1.34645 3.64525 0.332474 1 7
ID_986 ID_986 -0.484342706205605 0.234587857054569 -0.132312 60 -14.1528 4.14886 -1.18279 0.983322 -0.810887 0.510678 3.04523 -3.08741 -7.48255 2.54269 0 10
ID_987 ID_987 1.26427707082867 1.59839651182313 -1.98182 61 -9.32216 3.94925 -1.16475 -0.634669 -1.98987 0.727212 -0.816612 0.548478 2.54183 -2.28232 1 20
ID_988 ID_988 0.668011225066504 0.446238996814852 -1.38888 44 -13.582 2.995 -0.60669 -0.68507 -10.0521 -5.94231 -0.355924 -0.498536 -2.00314 -0.00595837 1 20
ID_989 ID_989 0.238983722057696 0.0571132194085499 -0.731162 61 -11.1165 3.33556 -2.7859 6.12248 13.5893 1.21867 -0.162989 4.65986 0.534026 -0.837143 1 7
ID_990 ID_990 -0.234129472668463 0.0548166099720128 -2.87278 55 -12.179 4.31873 -1.55268 -4.13887 -9.95373 -0.213377 -2.91317 0.960458 2.0896 0.566292 0 13
ID_991 ID_991 0.48087411777182 0.231239917142826 -2.09705 44 -13.7592 3.40527 -1.87633 0.668223 -1.74538 -2.41245 1.96447 -2.5847 2.67213 0.599977 0 13
ID_992 ID_992 -0.792604564965209 0.628221996403688 -4.13737 69 -12.6897 5.73959 -2.37253 0.79257 -8.57271 -2.31984 -1.58686 -2.32737 0.662337 -1.09001 0 10
ID_993 ID_993 0.0675839603928267 0.00456759170237917 -1.25238 66 -10.9654 3.65945 -2.88737 0.330202 -1.43339 2.98365 0.61387 -0.754778 -2.06261 0.184551 0 13
ID_994 ID_994 -0.521499741055063 0.271961979920498 2.88875 43 -10.3471 2.90983 0.906835 -4.54015 -2.48632 2.51423 -0.832227 -1.80113 -2.19349 -1.30483 1 20
ID_995 ID_995 -1.11715299215513 1.24803080788116 0.829681 41 -12.601 3.63267 -2.24855 0.0259497 -2.54351 -2.56761 2.2809 2.2116 -2.90128 -2.97366 0 20
ID_996 ID_996 0.324915966382651 0.105570385210372 -0.719903 54 -12.9765 0.371496 -1.18366 0.833032 -3.99109 -2.10671 -0.575664 -0.880761 -8.94424 3.36004 1 20
ID_997 ID_997 -1.15807009079265 1.34112633518851 -2.19211 50 -15.7301 1.42538 -2.90829 6.87143 16.9059 -2.4161 -0.845176 2.20136 2.92059 -0.0104187 1 19
ID_998 ID_998 -1.65710237691181 2.74598828756677 -0.0112505 50 -9.61006 2.14066 -1.2692 0.186749 -8.69284 0.832804 1.35581 -0.356937 -2.79151 0.235463 0 20
ID_999 ID_999 -0.901223935741737 0.812204582353827 -4.85082 59 -11.3493 5.93429 -2.47102 0.605845 0.0454846 2.26557 0.931166 -0.664741 1.02509 -0.152858 0 13
ID_1000 ID_1000 0.420945460655326 0.177195080846325 -2.91833 67 -11.791 6.1978 -1.36438 -0.445164 -9.70429 -0.671265 2.25849 -2.00696 1.78285 -1.97524 0 10
