00008 00008 1
00016 00016 2
00031 00031 1
00032 00032 1
00045 00045 1
00057 00057 1
00076 00076 1
00077 00077 1
00095 00095 1
00108 00108 1
00115 00115 1
00116 00116 1
00121 00121 1
00126 00126 1
00127 00127 1
00134 00134 1
00143 00143 1
00144 00144 1
00151 00151 1
00152 00152 1
00155 00155 1
00157 00157 1
00158 00158 1
00162 00162 1
00173 00173 1
00185 00185 1
00198 00198 1
00203 00203 1
00204 00204 1
00215 00215 1
00216 00216 1
00232 00232 1
00234 00234 1
00253 00253 1
00293 00293 1
00316 00316 1
00323 00323 1
00350 00350 1
00358 00358 1
00360 00360 1
00362 00362 1
00378 00378 1
00405 00405 1
00429 00429 1
00442 00442 1
00446 00446 1
00452 00452 1
00453 00453 1
00456 00456 1
00485 00485 1
00486 00486 1
00511 00511 1
00538 00538 1
00539 00539 1
00544 00544 1
00557 00557 1
00558 00558 1
00568 00568 1
00598 00598 1
00621 00621 1
00622 00622 1
00628 00628 1
00638 00638 1
00649 00649 1
00662 00662 1
00673 00673 1
00674 00674 1
00677 00677 1
00693 00693 1
00701 00701 1
00716 00716 1
00721 00721 1
00727 00727 1
00728 00728 1
00733 00733 1
00748 00748 1
00751 00751 1
00773 00773 2
00782 00782 1
00789 00789 1
00791 00791 1
00817 00817 1
00828 00828 1
00841 00841 1
00847 00847 1
00861 00861 1
00883 00883 1
00927 00927 1
00930 00930 1
00933 00933 1
00947 00947 1
00952 00952 1
00963 00963 1
00964 00964 1
00965 00965 1
00966 00966 1
00974 00974 1
00978 00978 1
00995 00995 1
00999 00999 1
01007 01007 2
01012 01012 1
01039 01039 1
01050 01050 1
01053 01053 1
01057 01057 1
01062 01062 1
01082 01082 1
01093 01093 1
01113 01113 1
01117 01117 1
01124 01124 2
01130 01130 1
01152 01152 1
01162 01162 1
01167 01167 1
01171 01171 1
01175 01175 1
01181 01181 1
01205 01205 1
01213 01213 1
01253 01253 1
01254 01254 1
01259 01259 1
01265 01265 1
01274 01274 1
01275 01275 1
01279 01279 1
01280 01280 1
01282 01282 1
01295 01295 1
01313 01313 1
01322 01322 1
01329 01329 1
01335 01335 2
01346 01346 1
01366 01366 1
01367 01367 1
01397 01397 1
01398 01398 1
01404 01404 1
01412 01412 1
01415 01415 1
01417 01417 1
01425 01425 1
01427 01427 1
01436 01436 1
01453 01453 1
01464 01464 1
01465 01465 1
01480 01480 1
01488 01488 1
01497 01497 1
01504 01504 1
01526 01526 1
01537 01537 1
01586 01586 1
01591 01591 2
01600 01600 1
01631 01631 1
01632 01632 1
01639 01639 1
01667 01667 1
01670 01670 1
01678 01678 1
01680 01680 1
01691 01691 1
01695 01695 1
01714 01714 1
01723 01723 1
01724 01724 1
01730 01730 1
01743 01743 1
01747 01747 1
01750 01750 1
01759 01759 1
01764 01764 1
01790 01790 1
01791 01791 1
01797 01797 1
01816 01816 1
01828 01828 1
01833 01833 1
01845 01845 1
01879 01879 1
01881 01881 1
01885 01885 1
01902 01902 1
01905 01905 1
01914 01914 1
01948 01948 1
01965 01965 1
01966 01966 1
01975 01975 1
01976 01976 1
01981 01981 1
01988 01988 1
01990 01990 1
01991 01991 1
01994 01994 1
02011 02011 1
02018 02018 1
02038 02038 1
02041 02041 1
02045 02045 1
02054 02054 1
02056 02056 1
02074 02074 1
02087 02087 1
02093 02093 1
02104 02104 1
02106 02106 1
02120 02120 1
02138 02138 2
02150 02150 1
02151 02151 1
02152 02152 1
02161 02161 1
02183 02183 1
02189 02189 1
02213 02213 1
02223 02223 1
02232 02232 1
02237 02237 1
02263 02263 1
02279 02279 1
02283 02283 1
02316 02316 1
02332 02332 1
02347 02347 1
02355 02355 1
02375 02375 1
02382 02382 1
02386 02386 1
02399 02399 1
02404 02404 1
02405 02405 1
02418 02418 1
02439 02439 1
02441 02441 1
02463 02463 1
02527 02527 1
02555 02555 1
02556 02556 1
02578 02578 1
02586 02586 1
02590 02590 1
02598 02598 1
02599 02599 1
02628 02628 1
02641 02641 1
02660 02660 1
02669 02669 1
02673 02673 1
02678 02678 1
02698 02698 1
02701 02701 1
02705 02705 1
02711 02711 1
02714 02714 1
02717 02717 1
02719 02719 1
02750 02750 1
02752 02752 1
02757 02757 1
02761 02761 1
02782 02782 1
02794 02794 1
02831 02831 1
02839 02839 1
02842 02842 1
02845 02845 1
02869 02869 1
02878 02878 1
02912 02912 1
02925 02925 1
02952 02952 1
02955 02955 1
02964 02964 1
02966 02966 1
02969 02969 1
02978 02978 1
02983 02983 1
02994 02994 1
03005 03005 1
03010 03010 1
03016 03016 1
03086 03086 1
03126 03126 1
03137 03137 1
03142 03142 2
03149 03149 2
03152 03152 1
03177 03177 1
03196 03196 1
03203 03203 1
03205 03205 1
03217 03217 1
03222 03222 1
03223 03223 1
03242 03242 1
03244 03244 1
03246 03246 1
03252 03252 1
03268 03268 1
03270 03270 1
03271 03271 1
03279 03279 1
03299 03299 1
03308 03308 2
03316 03316 1
03318 03318 1
03338 03338 1
03343 03343 1
03350 03350 1
03353 03353 2
03366 03366 1
03379 03379 1
03382 03382 1
03396 03396 1
03409 03409 1
03446 03446 1
03472 03472 1
03474 03474 1
03479 03479 1
03493 03493 1
03499 03499 1
03513 03513 1
03552 03552 1
03555 03555 1
03578 03578 1
03586 03586 1
03589 03589 1
03594 03594 1
03596 03596 1
03599 03599 1
03600 03600 1
03625 03625 1
03628 03628 1
03649 03649 1
03656 03656 2
03662 03662 1
03684 03684 1
03686 03686 1
03694 03694 1
03701 03701 1
03704 03704 1
03726 03726 1
03729 03729 1
03761 03761 1
03765 03765 1
03774 03774 1
03788 03788 1
03792 03792 1
03800 03800 1
03804 03804 1
03810 03810 1
03816 03816 1
03823 03823 1
03873 03873 1
03875 03875 1
03880 03880 2
03885 03885 1
03899 03899 1
03904 03904 1
03905 03905 1
03906 03906 1
03908 03908 1
03909 03909 1
03911 03911 1
03912 03912 1
03922 03922 1
03946 03946 1
03957 03957 1
03959 03959 1
03974 03974 1
03975 03975 1
04028 04028 1
04030 04030 1
04054 04054 1
04087 04087 1
04090 04090 1
04099 04099 1
04101 04101 1
04106 04106 1
04123 04123 1
04126 04126 1
04128 04128 1
04154 04154 1
04169 04169 1
04172 04172 2
04200 04200 1
04220 04220 1
04230 04230 1
04236 04236 1
04249 04249 1
04260 04260 1
04301 04301 1
04307 04307 1
04309 04309 1
04318 04318 1
04324 04324 1
04325 04325 2
04326 04326 1
04327 04327 2
04334 04334 1
04340 04340 1
04342 04342 1
04358 04358 1
04360 04360 1
04361 04361 1
04376 04376 1
04383 04383 2
04408 04408 1
04425 04425 1
04433 04433 1
04434 04434 1
04436 04436 1
04453 04453 1
04456 04456 1
04471 04471 1
04480 04480 1
04501 04501 1
04506 04506 1
04519 04519 1
04528 04528 1
04533 04533 1
04563 04563 1
04572 04572 1
04574 04574 1
04589 04589 1
04634 04634 1
04678 04678 1
04711 04711 1
04712 04712 1
04721 04721 1
04747 04747 1
04772 04772 1
04785 04785 1
04792 04792 1
04807 04807 1
04875 04875 1
04887 04887 1
04895 04895 1
04904 04904 1
04929 04929 1
04935 04935 1
04940 04940 1
04947 04947 1
04972 04972 1
04980 04980 1
04986 04986 1
04993 04993 1
05004 05004 1
05008 05008 1
05011 05011 1
05015 05015 2
05016 05016 1
05020 05020 1
05022 05022 1
05026 05026 1
05033 05033 1
05039 05039 1
05064 05064 1
05082 05082 1
05088 05088 1
05144 05144 1
05153 05153 1
05198 05198 2
05199 05199 2
05200 05200 1
05227 05227 1
05240 05240 1
05250 05250 1
05251 05251 1
05256 05256 1
05261 05261 1
05262 05262 1
05277 05277 1
05305 05305 1
05312 05312 1
05326 05326 1
05334 05334 1
05338 05338 1
05366 05366 1
05386 05386 1
05414 05414 1
05417 05417 1
05431 05431 2
05435 05435 1
05437 05437 1
05444 05444 1
05450 05450 1
05451 05451 1
05469 05469 1
05470 05470 1
05479 05479 1
05491 05491 1
05500 05500 1
05515 05515 1
05522 05522 1
05524 05524 1
05528 05528 1
05538 05538 1
05545 05545 1
05556 05556 1
05558 05558 1
05563 05563 1
05575 05575 1
05579 05579 1
05582 05582 1
05584 05584 1
05585 05585 1
05586 05586 1
05595 05595 1
05615 05615 1
05625 05625 1
05637 05637 1
05641 05641 1
05656 05656 2
05665 05665 2
05675 05675 1
05678 05678 1
05684 05684 1
05686 05686 1
05696 05696 1
05713 05713 1
05719 05719 1
05728 05728 1
05731 05731 1
05738 05738 1
05744 05744 1
05747 05747 1
05749 05749 1
05761 05761 1
05762 05762 1
05763 05763 1
05775 05775 1
05804 05804 1
05805 05805 1
05820 05820 1
05822 05822 1
05826 05826 1
05827 05827 1
05837 05837 1
05841 05841 1
05845 05845 1
05857 05857 1
05863 05863 1
05865 05865 1
05882 05882 1
05894 05894 1
05900 05900 1
05919 05919 1
05935 05935 1
05966 05966 1
05976 05976 1
05977 05977 1
06004 06004 1
06005 06005 1
06006 06006 1
06010 06010 1
06021 06021 1
06029 06029 1
06058 06058 1
06060 06060 1
06065 06065 1
06085 06085 1
06104 06104 1
06114 06114 1
06116 06116 1
06126 06126 1
06130 06130 1
06143 06143 2
06176 06176 1
06212 06212 1
06222 06222 1
06228 06228 1
06245 06245 1
06258 06258 1
06263 06263 1
06271 06271 1
06280 06280 1
06285 06285 1
06294 06294 1
06312 06312 1
06321 06321 1
06330 06330 1
06335 06335 2
06340 06340 1
06341 06341 2
06382 06382 1
06393 06393 1
06399 06399 1
06438 06438 1
06451 06451 1
06457 06457 1
06469 06469 1
06470 06470 1
06482 06482 1
06485 06485 1
06496 06496 1
06498 06498 1
06535 06535 1
06538 06538 1
06548 06548 1
06578 06578 1
06583 06583 1
06593 06593 1
06597 06597 1
06603 06603 1
06614 06614 1
06615 06615 1
06665 06665 1
06682 06682 1
06685 06685 1
06686 06686 1
06687 06687 2
06692 06692 1
06711 06711 1
06716 06716 1
06721 06721 1
06724 06724 1
06751 06751 1
06755 06755 1
06762 06762 1
06795 06795 1
06801 06801 2
06806 06806 1
06811 06811 1
06812 06812 1
06848 06848 1
06854 06854 1
06855 06855 1
06862 06862 1
06864 06864 1
06871 06871 1
06873 06873 1
06876 06876 1
06885 06885 1
06918 06918 1
06920 06920 1
06923 06923 1
06924 06924 1
06937 06937 1
06943 06943 1
06947 06947 1
06952 06952 1
06953 06953 1
06962 06962 1
06969 06969 1
06971 06971 1
06973 06973 1
06981 06981 1
06987 06987 1
06998 06998 1
07001 07001 1
07003 07003 1
07010 07010 2
07022 07022 1
07045 07045 1
07053 07053 1
07054 07054 1
07061 07061 1
07071 07071 1
07075 07075 1
07082 07082 1
07089 07089 1
07093 07093 1
07095 07095 1
07096 07096 1
07102 07102 2
07105 07105 1
07112 07112 1
07140 07140 1
07144 07144 1
07148 07148 1
07154 07154 1
07158 07158 1
07214 07214 1
07219 07219 1
07230 07230 1
07240 07240 1
07251 07251 1
07259 07259 1
07266 07266 1
07270 07270 1
07275 07275 1
07276 07276 1
07279 07279 1
07281 07281 1
07283 07283 1
07285 07285 1
07294 07294 1
07295 07295 1
07297 07297 1
07298 07298 1
07304 07304 1
07326 07326 1
07341 07341 1
07364 07364 1
07365 07365 1
07387 07387 1
07399 07399 1
07404 07404 1
07420 07420 1
07459 07459 1
07466 07466 1
07469 07469 1
07471 07471 1
07475 07475 1
07484 07484 1
07498 07498 1
07506 07506 2
07507 07507 1
07510 07510 1
07514 07514 1
07526 07526 1
07527 07527 1
07548 07548 1
07560 07560 1
07563 07563 1
07565 07565 1
07577 07577 1
07584 07584 1
07594 07594 1
07602 07602 1
07607 07607 1
07617 07617 1
07618 07618 1
07621 07621 1
07626 07626 1
07628 07628 1
07639 07639 1
07651 07651 1
07661 07661 1
07675 07675 1
07686 07686 1
07693 07693 1
07698 07698 1
07713 07713 1
07731 07731 1
07734 07734 1
07735 07735 1
07758 07758 1
07762 07762 1
07773 07773 1
07801 07801 1
07812 07812 1
07830 07830 1
07833 07833 1
07837 07837 1
07840 07840 1
07852 07852 1
07857 07857 1
07861 07861 1
07866 07866 1
07875 07875 1
07912 07912 1
07924 07924 2
07929 07929 1
07950 07950 1
07959 07959 2
07984 07984 1
08004 08004 1
08008 08008 1
08015 08015 1
08021 08021 1
08030 08030 1
08054 08054 1
08063 08063 1
08065 08065 2
08068 08068 1
08074 08074 1
08077 08077 1
08079 08079 1
08082 08082 1
08090 08090 1
08123 08123 1
08130 08130 1
08133 08133 1
08148 08148 1
08169 08169 1
08172 08172 1
08174 08174 1
08180 08180 1
08183 08183 1
08199 08199 1
08200 08200 1
08209 08209 1
08212 08212 1
08221 08221 1
08243 08243 1
08249 08249 1
08254 08254 1
08265 08265 1
08267 08267 1
08277 08277 1
08292 08292 1
08306 08306 1
