08308 08308 0
08319 08319 1
08336 08336 0
08346 08346 0
08348 08348 1
08363 08363 0
08372 08372 1
08376 08376 0
08384 08384 0
08396 08396 1
08406 08406 0
08413 08413 0
08426 08426 1
08429 08429 0
08449 08449 0
08450 08450 0
08459 08459 0
08469 08469 0
08472 08472 0
08473 08473 0
08475 08475 0
08484 08484 0
08488 08488 0
08504 08504 0
08508 08508 0
08513 08513 0
08554 08554 0
08581 08581 0
08596 08596 0
08603 08603 1
08609 08609 0
08620 08620 0
08647 08647 0
08648 08648 0
08666 08666 0
08686 08686 0
08693 08693 0
08703 08703 0
08722 08722 0
08726 08726 0
08727 08727 0
08729 08729 0
08730 08730 0
08734 08734 0
08737 08737 0
08739 08739 0
08741 08741 0
08763 08763 0
08769 08769 0
08779 08779 0
08782 08782 0
08783 08783 0
08801 08801 0
08809 08809 0
08813 08813 0
08821 08821 0
08830 08830 0
08832 08832 0
08843 08843 0
08847 08847 0
08850 08850 0
08852 08852 0
08863 08863 0
08866 08866 0
08880 08880 0
08883 08883 0
08894 08894 0
08933 08933 0
08938 08938 0
08956 08956 0
08961 08961 0
08962 08962 0
08965 08965 0
08970 08970 0
08982 08982 0
08984 08984 0
08988 08988 1
09002 09002 0
09008 09008 0
09013 09013 0
09018 09018 0
09021 09021 0
09036 09036 0
09042 09042 1
09045 09045 0
09048 09048 0
09051 09051 0
09063 09063 0
09064 09064 0
09070 09070 0
09073 09073 0
09077 09077 0
09097 09097 0
09118 09118 0
09134 09134 0
09147 09147 0
09155 09155 0
09161 09161 0
09176 09176 0
09214 09214 0
09222 09222 0
09229 09229 0
09240 09240 0
09246 09246 0
09247 09247 0
09251 09251 0
09252 09252 0
09253 09253 0
09257 09257 0
09263 09263 0
09266 09266 0
09267 09267 0
09268 09268 0
09273 09273 0
09274 09274 0
09279 09279 0
09281 09281 0
09282 09282 0
09283 09283 0
09287 09287 0
09289 09289 0
09291 09291 0
09292 09292 0
09295 09295 0
09296 09296 1
09300 09300 0
09302 09302 0
09306 09306 0
09318 09318 0
09324 09324 0
09328 09328 0
09339 09339 0
09357 09357 0
09361 09361 0
09384 09384 0
09392 09392 0
09419 09419 0
09445 09445 0
09457 09457 0
09462 09462 0
09464 09464 0
09470 09470 0
09480 09480 0
09490 09490 0
09506 09506 0
09510 09510 0
09514 09514 0
09556 09556 0
09558 09558 0
09569 09569 0
09570 09570 0
09572 09572 0
09585 09585 0
09586 09586 0
09588 09588 0
09598 09598 0
09605 09605 0
09608 09608 0
09620 09620 0
09632 09632 0
09637 09637 0
09643 09643 0
09665 09665 0
09669 09669 1
09681 09681 0
09684 09684 1
09685 09685 0
09687 09687 0
09694 09694 0
09700 09700 0
09710 09710 0
09722 09722 1
09741 09741 0
09742 09742 0
09749 09749 0
09752 09752 0
09768 09768 1
09773 09773 0
09783 09783 1
09795 09795 0
09803 09803 0
09811 09811 0
09815 09815 0
09818 09818 0
09842 09842 0
09848 09848 0
09872 09872 0
09873 09873 0
09877 09877 0
09891 09891 0
09893 09893 0
09909 09909 0
09912 09912 0
09931 09931 1
09936 09936 0
09943 09943 0
09952 09952 0
09980 09980 0
09982 09982 0
10000 10000 0
