08308 08308 -0.644020461494502 0.414762354823591 -3.82659 69 -13.8514 3.9608 -1.78805 0.0692473 -6.32556 2.85359 1.08516 -1.30304 3.41659 1.41577 0 7
08319 08319 -0.952095788451302 0.906486390386706 2.06515 60 -12.2438 4.04169 -0.905739 5.9656 8.35545 -1.43576 -0.618153 0.746918 5.11019 -0.207188 1 19
08336 08336 -0.0278698075809014 0.00077672617459647 -0.795863 62 -10.9195 6.91985 -2.92088 1.26019 -5.56624 -0.552624 -0.0756095 -0.910047 -1.33896 1.72636 0 7
08346 08346 -0.644020461494502 0.414762354823591 -2.62088 67 -9.9271 4.1096 -2.35454 0.719021 -1.82806 -1.82107 1.21574 -3.56693 -7.91232 2.71011 0 10
08348 08348 0.280205519375899 0.0785151330887172 -3.33164 67 -11.8637 5.88272 1.07288 2.74488 -7.32776 -2.39477 -3.07983 -1.43625 2.08822 1.42939 1 15
08363 08363 0.896356173289499 0.803454389394195 3.25203 61 -11.5364 5.79318 -2.31124 4.50233 1.53227 -1.89884 -0.672629 0.826352 4.0152 0.972757 1 7
08372 08372 -0.335945134537702 0.112859133419554 -4.3263 66 -15.2892 5.17801 -3.63589 1.98855 -5.46974 0.195259 1.99326 -2.66167 -4.89982 -0.819255 1 20
08376 08376 -0.0278698075809014 0.00077672617459647 -3.34399 50 -11.4354 2.85264 -1.6222 5.40679 12.3219 0.501274 2.22453 3.18075 4.44808 -2.1661 1 10
08384 08384 0.896356173289499 0.803454389394195 -2.63033 66 -14.7853 4.22534 -4.10766 -3.13889 -7.3226 -0.9039 0.9117 -2.85367 6.31974 3.07236 1 15
08396 08396 0.280205519375899 0.0785151330887172 -4.27538 69 -14.5088 4.12136 -1.17543 7.4361 8.81989 -1.90148 4.65265 -1.63836 -19.4617 8.15181 0 20
08406 08406 -0.0278698075809014 0.00077672617459647 -5.61779 67 -12.5855 5.08642 -0.473451 0.0998302 -3.03228 -0.964807 -0.678009 -0.00863736 -1.56965 0.123711 1 10
08413 08413 -0.952095788451302 0.906486390386706 -2.94781 61 -13.2536 3.67593 -2.98582 -1.05734 -6.19568 -1.74923 0.735848 -0.109326 -2.08463 0.0720045 1 13
08426 08426 -0.0278698075809014 0.00077672617459647 1.34246 52 -12.5187 4.46191 -2.189 -3.1755 -7.76808 0.549684 -0.204935 -0.276089 -2.34807 0.20573 1 10
08429 08429 0.280205519375899 0.0785151330887172 -3.25115 68 -10.3256 2.42892 1.52078 2.41667 -4.47471 2.993 2.70016 1.19886 0.785497 1.09995 0 7
08449 08449 -1.2601711154081 1.5880312401089 -2.4723 48 -14.6478 4.1245 -2.85957 8.56897 12.2932 0.433241 -1.44064 -0.811542 0.749665 1.57733 0 15
08450 08450 -1.2601711154081 1.5880312401089 -4.11057 61 -12.5397 2.74165 -3.73751 3.27434 -0.804973 1.66577 -2.32862 -1.25198 -0.671735 2.03527 0 10
08459 08459 -0.0278698075809014 0.00077672617459647 -2.96255 53 -12.5667 4.88914 -1.2048 3.00039 9.49575 -2.43283 0.250576 -2.34948 4.58833 -1.50907 1 20
08469 08469 -0.644020461494502 0.414762354823591 -3.67868 64 -12.4635 5.10778 -1.23593 2.90195 12.2596 -1.34689 2.56374 0.784976 2.41922 -1.54338 1 10
08472 08472 0.588280846332699 0.346074354161917 -4.46698 59 -10.1744 2.84507 -4.00644 -0.564873 -4.718 -1.77382 4.71134 -2.84747 4.84937 -1.47295 0 20
08473 08473 -0.952095788451302 0.906486390386706 -3.67384 42 -10.4945 6.06618 -0.0564332 -3.80813 0.801175 -0.926013 0.654829 0.942782 -1.74516 1.77751 1 20
08475 08475 0.280205519375899 0.0785151330887172 3.13394 42 -12.4656 2.56683 -2.59532 0.618046 -5.2282 -1.12682 0.235115 0.222187 3.52135 1.04034 0 13
08484 08484 -0.644020461494502 0.414762354823591 -0.659621 49 -14.1086 4.29502 -2.05131 3.96206 -2.92016 -2.4382 0.420088 -0.366657 -0.981357 3.87731 0 13
08488 08488 -0.952095788451302 0.906486390386706 -1.03069 53 -15.0206 4.89447 -0.964776 0.450767 -1.88633 -1.10184 -0.669841 1.32531 -2.70003 -1.46746 0 10
08504 08504 2.4367328080735 5.93766677794177 -1.26167 56 -12.599 3.88976 -2.16772 4.29445 2.1461 -1.84152 3.18824 -0.176865 -3.87537 -0.0943134 0 7
08508 08508 -1.2601711154081 1.5880312401089 -2.80451 64 -10.1907 2.51787 -1.38928 -1.4398 -5.34419 -1.07507 -1.66112 -0.27186 0.958134 0.712723 1 20
08513 08513 -0.952095788451302 0.906486390386706 -4.52121 41 -9.52284 3.63918 -0.0133798 6.13581 -5.70898 0.921438 1.37713 -0.43651 7.36208 2.08864 1 10
08554 08554 -0.952095788451302 0.906486390386706 -1.71769 60 -12.3261 2.21037 -1.97564 1.91402 -6.77889 0.981663 -0.0144087 2.4767 2.29708 0.283137 0 7
08581 08581 0.280205519375899 0.0785151330887172 -4.64447 56 -12.1532 1.08043 -2.65998 3.90349 -2.13482 -2.15811 -0.110613 1.15841 1.30365 -1.04838 0 20
08596 08596 0.896356173289499 0.803454389394195 -2.19211 44 -13.0802 3.0665 -2.12893 4.97897 9.10208 -0.602272 -0.300587 1.17784 5.551 -2.90972 0 13
08603 08603 -0.335945134537702 0.112859133419554 -3.12736 57 -11.8757 7.94697 -3.08057 2.39961 -9.76269 0.81857 0.39109 -2.84677 4.13934 2.51876 1 20
08609 08609 -0.952095788451302 0.906486390386706 -4.34103 56 -13.315 2.8107 -0.846815 -0.906418 -4.49127 -1.29618 0.116928 0.690594 2.58302 0.429446 0 15
08620 08620 -1.2601711154081 1.5880312401089 -3.97934 63 -12.7196 6.19974 0.462177 3.19655 -4.37877 -1.97213 -0.448177 0.762386 2.64443 0.378723 1 19
08647 08647 -1.2601711154081 1.5880312401089 -1.91884 51 -10.6955 2.86933 -2.62574 -5.23921 -3.78876 -1.27606 1.27047 0.35389 -2.69847 -0.532464 0 20
08648 08648 1.2044315002463 1.45065523878555 -2.34184 51 -13.7104 1.21848 1.57989 -1.62914 -3.31782 -1.60191 1.22004 -1.68712 -1.9325 0.417542 0 20
08666 08666 -0.0278698075809014 0.00077672617459647 0.835617 67 -10.9222 4.9111 -0.432685 0.0441238 -4.64592 -2.68933 1.26637 -0.15548 5.64971 -0.671101 0 10
08686 08686 0.588280846332699 0.346074354161917 -2.09458 60 -12.9878 5.82139 0.995958 2.49419 -3.8316 -1.78446 -3.19094 1.1857 -4.47289 3.65407 0 13
08693 08693 0.896356173289499 0.803454389394195 -3.98219 46 -13.4006 4.93821 -2.55957 -1.81489 -7.72032 -3.18232 1.00684 -3.0936 -1.43306 1.32482 0 20
08703 08703 -1.2601711154081 1.5880312401089 -2.51368 48 -13.7399 3.45969 0.168182 3.07107 -6.78698 -2.98896 0.359933 -1.96976 -2.74848 3.81784 0 10
08722 08722 -0.335945134537702 0.112859133419554 -0.585132 44 -11.324 4.12044 -0.975834 1.6252 -3.91703 0.260094 0.294559 -1.37889 1.42245 1.46054 0 10
08726 08726 -0.644020461494502 0.414762354823591 0.268324 69 -10.8837 8.04458 -0.8767 -0.560297 -3.91796 -2.72911 1.73027 0.665975 1.79152 3.30011 1 10
08727 08727 2.1286574811167 4.53118267191409 0.966295 51 -13.6649 6.15242 0.241203 1.40424 -5.74554 -4.98751 -2.11302 -0.941194 1.48242 2.20198 0 19
08729 08729 0.280205519375899 0.0785151330887172 -5.64459 64 -11.6767 5.19076 -2.6425 0.605524 -3.28962 -0.373142 0.974762 2.3184 -2.22561 -2.09345 1 20
08730 08730 -1.2601711154081 1.5880312401089 -3.06185 61 -12.5412 2.59372 -0.497901 3.36068 -9.11242 -2.67083 -0.937876 -0.139158 -1.59502 1.26702 0 13
08734 08734 2.4367328080735 5.93766677794177 5.08692 47 -14.9188 3.66919 1.47193 8.23256 3.29327 0.0985511 -1.00009 0.756248 8.71573 -0.880168 1 20
08737 08737 1.2044315002463 1.45065523878555 -3.37614 45 -12.6333 1.80927 -3.81923 3.34003 -10.3111 -0.0127813 -1.44637 -1.1954 0.0954087 -4.55731 0 13
08739 08739 -0.335945134537702 0.112859133419554 0.880507 54 -12.4873 4.06975 -0.187533 3.32972 -0.842622 -1.74907 0.0944129 -0.683316 -0.953994 -1.16937 1 20
08741 08741 0.280205519375899 0.0785151330887172 -1.91475 53 -13.1771 5.09738 -4.89832 5.24012 4.80874 -1.27205 3.52911 -1.17432 1.53148 2.01783 1 7
08763 08763 1.2044315002463 1.45065523878555 -4.05437 63 -14.6186 3.67402 -4.54648 -0.391905 -8.48746 -0.54039 1.08443 -0.529224 0.215353 -0.0735361 1 13
08769 08769 -0.952095788451302 0.906486390386706 -3.37524 57 -11.7031 3.81608 -3.12142 -0.687977 -11.613 -0.00255604 3.57859 -0.923327 2.32098 -0.578082 1 20
08779 08779 -0.644020461494502 0.414762354823591 -0.599871 55 -10.7247 4.77882 -2.43349 -0.0167194 -7.18957 -3.92424 1.74134 -2.27448 -0.26499 0.947191 1 20
08782 08782 -0.644020461494502 0.414762354823591 -2.36183 43 -12.4671 3.14715 -2.46224 2.05411 -2.23986 -0.429023 0.119413 -0.120847 6.7708 -3.33958 0 20
08783 08783 -0.952095788451302 0.906486390386706 -4.37721 61 -12.8944 3.70746 -1.79107 -4.23482 -7.58687 1.08288 1.17166 -0.24627 0.287357 -2.99615 1 10
08801 08801 0.588280846332699 0.346074354161917 -4.7297 59 -8.67322 0.724934 -1.77818 1.97519 -10.1252 -0.587782 -1.82194 -5.76363 4.14334 2.63619 0 20
08809 08809 -0.335945134537702 0.112859133419554 -4.08646 60 -12.87 3.61731 -1.99163 3.80914 1.69825 -1.65987 1.06516 0.763017 2.91412 1.40745 0 10
08813 08813 -0.952095788451302 0.906486390386706 -5.1054 54 -13.5296 2.89289 -4.42873 2.03922 2.82859 -1.08255 1.52412 -0.090409 -0.001355 1.36189 0 10
08821 08821 -0.952095788451302 0.906486390386706 -2.84866 64 -12.8447 6.08142 -0.201259 2.17792 1.14894 2.51668 0.705395 -3.70123 -4.66615 2.85113 1 13
08830 08830 -0.0278698075809014 0.00077672617459647 2.09456 63 -9.55584 5.17048 -0.604861 2.105 -8.0978 0.0497379 3.54265 -1.52759 -1.63866 0.0978637 1 20
08832 08832 -1.2601711154081 1.5880312401089 -4.2392 48 -11.4279 2.56662 -3.86852 2.83192 2.83949 -1.68273 -0.929166 -0.236022 -0.770074 2.05222 0 20
08843 08843 -1.2601711154081 1.5880312401089 -1.56058 58 -11.4903 2.1985 -0.971723 0.652172 -5.58208 -0.224286 2.65956 -0.557955 -0.451463 -0.110993 0 20
08847 08847 1.5125068272031 2.28767690233599 -3.4943 45 -13.501 3.91229 -2.95716 3.45021 -1.21937 -0.150895 -0.48847 -0.261313 -2.30319 0.455024 1 13
08850 08850 0.280205519375899 0.0785151330887172 -0.636296 58 -10.3603 3.17516 -1.47088 2.6925 2.07078 -3.73002 0.5284 -4.84414 -4.07507 1.07583 1 7
08852 08852 2.1286574811167 4.53118267191409 -3.7753 57 -14.5398 2.14243 -0.798645 0.437585 -2.19384 -0.813907 -0.280648 2.55998 1.1412 0.256904 0 20
08863 08863 0.280205519375899 0.0785151330887172 -2.5914 66 -12.4907 1.70051 -3.16308 1.24267 -1.28002 2.41902 -1.91965 -0.595462 -3.2123 -0.0879359 1 15
08866 08866 0.896356173289499 0.803454389394195 -2.98674 65 -12.4856 0.642957 -2.07984 -0.258356 -3.46146 -1.59709 0.785619 3.03317 -0.588377 -0.601309 0 7
08880 08880 -0.644020461494502 0.414762354823591 -1.34932 45 -14.8095 3.14783 -4.68577 -0.656649 -5.12502 0.214526 -0.542567 -1.10015 -1.36843 -1.89825 1 10
08883 08883 1.5125068272031 2.28767690233599 -4.41339 46 -12.8608 1.87281 -0.844817 4.39366 6.14288 1.02606 0.270575 -1.94192 -18.0531 1.35054 1 20
08894 08894 -0.952095788451302 0.906486390386706 -0.796741 45 -11.9575 2.75715 -0.650348 0.47636 3.88775 -1.33123 0.256489 -1.67215 1.11962 -1.22531 1 10
08933 08933 0.896356173289499 0.803454389394195 -1.55535 60 -12.6404 5.32897 -3.49463 -1.50117 -2.06992 -0.514402 4.08255 1.47285 -0.090436 -4.21775 0 10
08938 08938 -0.952095788451302 0.906486390386706 -1.82654 56 -12.4729 5.09005 -2.12421 7.48612 16.368 0.0215703 2.46879 1.58529 4.86603 -5.92327 0 20
08956 08956 -1.2601711154081 1.5880312401089 -2.20811 46 -10.4754 2.54909 -1.62205 -0.637058 -3.21211 -1.23466 1.0682 0.561022 6.50965 0.256303 0 13
08961 08961 -1.2601711154081 1.5880312401089 -4.72424 59 -13.5816 4.86325 -1.84479 -3.8378 -6.97002 -3.33515 3.21828 -1.32273 -0.56108 -3.44839 1 10
08962 08962 -0.335945134537702 0.112859133419554 -2.76298 56 -12.2503 4.27378 -0.226551 -1.54048 -4.43366 -0.580154 -0.403106 -1.82095 -1.17011 -2.48155 0 13
08965 08965 -0.952095788451302 0.906486390386706 -4.887 48 -13.3214 4.47257 -1.87422 4.47369 -7.57992 -3.16684 0.810292 -2.68976 0.361346 2.70979 0 10
08970 08970 -0.335945134537702 0.112859133419554 -1.46081 65 -13.1712 1.82561 -4.54284 1.27516 -4.1326 -1.34956 1.41772 -3.14624 -2.64195 -1.60122 1 7
08982 08982 -0.0278698075809014 0.00077672617459647 -5.1054 42 -11.4359 2.02409 -2.49552 2.12625 -3.96352 0.809408 -0.871883 1.7059 2.63354 2.096 0 13
08984 08984 -0.0278698075809014 0.00077672617459647 -4.28744 66 -12.4333 6.97207 0.470581 -3.29572 -4.87308 -0.129778 2.33853 -2.6189 -1.85086 3.29073 0 15
08988 08988 0.280205519375899 0.0785151330887172 -4.3922 43 -10.5902 2.65308 -4.00828 4.05089 5.98226 1.07298 1.84623 2.65651 2.61231 -1.2968 0 20
09002 09002 -1.2601711154081 1.5880312401089 -2.01954 62 -13.9117 2.88492 -5.21784 -0.805469 -5.15015 0.955239 0.420068 2.84047 -2.44705 -2.37512 0 19
09008 09008 -0.644020461494502 0.414762354823591 -2.37575 55 -13.2102 2.48835 -2.51685 2.07877 8.3374 0.249228 -0.124556 -2.1791 1.62205 1.16389 0 7
09013 09013 0.896356173289499 0.803454389394195 -4.54532 46 -11.7183 5.81554 -1.20427 -0.788337 -5.34694 -2.03327 -0.0480059 -1.26226 2.09046 1.08335 1 10
09018 09018 -1.2601711154081 1.5880312401089 -1.39242 69 -14.6912 3.92462 -1.2809 -0.692741 -3.70583 0.362341 0.267049 1.74576 -1.8696 -1.12711 0 20
09021 09021 1.5125068272031 2.28767690233599 -3.22339 65 -9.95035 2.85115 0.512863 1.55315 2.6121 -0.0887796 1.71535 0.475322 4.41734 0.489561 1 10
09036 09036 0.280205519375899 0.0785151330887172 -3.9043 45 -12.5346 4.84397 -2.05281 1.86179 5.23007 -0.0603804 1.10043 -1.12037 2.26749 0.74501 0 20
09042 09042 2.1286574811167 4.53118267191409 -2.43893 52 -12.964 2.28394 0.315554 1.75218 -4.9077 -3.18919 0.788391 -3.12726 2.76 -0.0905198 1 19
09045 09045 0.588280846332699 0.346074354161917 -3.26812 56 -13.4285 2.76225 -0.595346 0.312409 -1.88853 -0.431801 -0.674732 2.1283 4.27098 5.31024 0 13
09048 09048 -1.2601711154081 1.5880312401089 -1.84366 65 -10.2958 2.2542 -1.02217 1.53061 -0.00568712 1.44775 -1.57826 1.19326 -1.79926 -0.968534 0 7
09051 09051 0.280205519375899 0.0785151330887172 -3.96603 61 -16.4069 5.59431 -0.265753 0.967393 1.74614 -2.18309 1.60268 -0.504478 0.309108 0.0128564 0 10
09063 09063 -0.335945134537702 0.112859133419554 -4.46698 52 -7.67474 5.68911 1.00755 -0.124193 4.77707 -1.61283 -0.416356 -0.155568 2.32494 0.16158 0 20
09064 09064 1.5125068272031 2.28767690233599 0.519141 51 -10.6761 4.75915 -1.23837 -5.19446 -2.01798 0.0633612 1.40933 -0.766411 -3.33311 1.34512 1 20
09070 09070 0.280205519375899 0.0785151330887172 -2.57333 61 -13.4812 5.33496 -2.01306 1.23823 0.058275 1.31988 3.85047 1.14218 -3.63542 0.0171055 0 10
09073 09073 -0.644020461494502 0.414762354823591 -3.55998 56 -13.1384 3.40377 -1.47124 1.65521 -4.96545 1.08711 -0.588941 -1.93194 -1.31656 0.260543 0 20
09077 09077 -0.952095788451302 0.906486390386706 -0.340579 64 -12.2256 5.24282 -2.92761 7.6723 10.9038 -0.664234 -1.20153 5.24163 4.01493 -1.61115 1 13
09097 09097 -1.2601711154081 1.5880312401089 -4.65859 60 -9.49975 1.34313 -0.599879 -4.47496 -5.27775 -0.0394103 2.11322 -2.7049 -2.08403 -0.811254 0 20
09118 09118 0.896356173289499 0.803454389394195 3.81232 52 -8.6166 4.57026 -0.995336 -0.578182 -7.1842 0.0392799 -2.59847 -0.69094 0.0815246 0.102048 0 20
09134 09134 -0.644020461494502 0.414762354823591 -0.0563186 68 -14.234 5.89333 -2.27305 -2.68683 -7.90932 -1.10498 0.321046 -3.95171 3.63321 0.120019 1 20
09147 09147 0.588280846332699 0.346074354161917 1.66851 42 -10.1316 4.13508 0.478914 3.69173 3.2619 -0.166438 -2.99546 0.239934 5.57296 -3.35739 1 13
09155 09155 -0.644020461494502 0.414762354823591 -1.96291 56 -13.6537 3.79178 -1.27111 0.630797 1.4728 -1.82572 2.61883 -3.04436 -17.7608 2.47767 0 20
09161 09161 0.588280846332699 0.346074354161917 -5.38678 60 -10.4888 5.19237 -1.20526 0.597395 -6.80371 2.43912 -0.835965 -0.877571 -1.44222 0.86445 1 19
09176 09176 -0.335945134537702 0.112859133419554 6.08441 59 -12.9865 1.73035 -0.782918 4.59679 17.0015 -2.61605 -1.39009 0.927367 7.02952 -2.86413 1 10
09214 09214 0.588280846332699 0.346074354161917 0.914803 69 -13.1326 3.55666 -0.392422 10.6316 19.6507 -0.832396 1.91344 1.88755 3.65592 1.97067 0 7
09222 09222 -0.644020461494502 0.414762354823591 -0.277011 64 -12.5901 4.35455 -0.565579 1.9371 -1.13628 -1.42921 0.251135 -2.6264 -1.08807 1.44501 1 15
09229 09229 1.5125068272031 2.28767690233599 1.03195 60 -12.5775 3.4457 -2.64559 4.17344 8.69763 -0.412114 2.38533 3.20393 2.7639 0.293962 0 20
09240 09240 -0.335945134537702 0.112859133419554 -2.24184 58 -12.5017 3.45325 -1.64078 0.829021 -0.670988 1.17632 -0.685848 0.743213 4.10859 0.997013 0 7
09246 09246 -1.2601711154081 1.5880312401089 -2.45161 67 -12.7569 4.87976 -5.26719 -2.66586 -8.1531 -0.321173 0.572182 0.183411 0.106741 -2.90391 0 7
09247 09247 -1.2601711154081 1.5880312401089 -5.00089 68 -6.93021 4.07261 0.606658 -8.34822 -4.96593 0.0532007 -0.817654 2.96558 2.00813 -4.43604 0 20
09251 09251 -0.644020461494502 0.414762354823591 -4.41875 65 -11.8151 3.03414 -0.0862365 1.6932 -9.22493 -2.03016 1.12899 -2.07752 2.56095 3.51205 1 19
09252 09252 -0.335945134537702 0.112859133419554 -1.50445 50 -13.9402 2.43563 -2.36714 -1.50666 -4.90404 -1.94237 0.38915 1.38392 -1.71843 -1.98696 1 20
09253 09253 -0.952095788451302 0.906486390386706 0.180711 40 -12.7282 6.77973 -1.63901 -0.379191 2.35379 -1.25821 0.423343 -0.423169 5.15524 2.92005 0 20
09257 09257 0.280205519375899 0.0785151330887172 -2.82703 69 -11.5383 3.99949 -4.40158 -2.4632 -5.04298 2.0523 1.96968 -0.135308 0.0282031 -2.16183 1 10
09263 09263 1.8205821541599 3.3145193800455 -3.90245 60 -12.304 2.46091 -0.354907 1.56856 -4.23898 -0.583522 -1.09455 -1.82724 2.8332 2.66615 0 15
09266 09266 -0.0278698075809014 0.00077672617459647 -0.928754 50 -14.1521 5.19906 -1.77834 3.93783 4.82616 -2.23269 0.0359127 0.0436877 -0.541969 4.98817 0 7
09267 09267 2.1286574811167 4.53118267191409 -2.61346 51 -7.38757 1.1761 -0.98787 2.56029 -2.81375 1.1108 0.632819 -1.71937 1.59117 1.18397 0 10
09268 09268 0.588280846332699 0.346074354161917 3.10844 69 -10.571 -0.345849 1.75979 -4.35831 -5.84169 0.518502 -0.177832 -0.271304 -1.97658 -0.0608791 1 15
09273 09273 -0.335945134537702 0.112859133419554 -2.99176 68 -12.0941 2.61559 -3.11552 3.91291 2.18588 -1.01167 0.614234 -0.785374 4.96621 -3.75559 0 15
09274 09274 -0.952095788451302 0.906486390386706 -2.83407 56 -12.7537 4.64028 -4.81307 -2.42798 -7.09524 -0.243661 0.0269693 -1.09918 0.0863574 -2.59841 1 10
09279 09279 -0.644020461494502 0.414762354823591 -2.09437 66 -11.3993 3.89922 -2.74543 0.176386 -3.40916 -1.43734 2.89736 1.66796 1.60458 -0.91562 0 19
09281 09281 -0.335945134537702 0.112859133419554 -3.5789 41 -11.7616 2.9396 -1.15172 0.104595 -5.35052 -1.01097 -0.153323 -0.93646 3.47998 0.30524 0 13
09282 09282 -1.2601711154081 1.5880312401089 -3.44275 43 -10.9915 3.1252 -2.54434 5.55832 4.922 -1.61467 1.24567 1.91601 3.716 -1.74615 1 20
09283 09283 -0.335945134537702 0.112859133419554 -2.37047 45 -13.1569 3.15684 -2.21426 0.798404 -0.475759 -2.64068 0.649921 -2.34132 2.86101 2.18768 0 15
09287 09287 -1.2601711154081 1.5880312401089 4.35329 61 -14.1701 5.29981 -3.1962 4.12489 11.5144 1.11847 -2.44423 -0.796907 1.76599 -1.54099 0 20
09289 09289 -0.335945134537702 0.112859133419554 -0.342055 63 -10.8627 1.9556 -2.82607 6.9497 14.4379 -1.21821 -2.73662 4.0002 3.16931 0.117362 0 7
09291 09291 1.2044315002463 1.45065523878555 -2.13807 69 -12.7677 4.63276 0.915621 -0.0752887 0.335475 1.28861 2.61836 -1.8946 1.4782 -3.22448 1 13
09292 09292 -0.0278698075809014 0.00077672617459647 -3.44152 53 -12.5022 3.48976 -5.13685 1.27567 -5.10885 -1.07488 -0.0365002 -2.08895 2.08742 0.357373 1 13
09295 09295 -0.644020461494502 0.414762354823591 -2.62505 41 -9.02691 2.63678 2.39005 -7.26673 -6.67949 0.308781 -1.33347 8.04558 -2.07904 -2.77065 1 10
09296 09296 -0.644020461494502 0.414762354823591 -4.47904 61 -13.6283 4.72684 -0.986758 4.38429 -7.35841 -0.569058 0.219128 -1.99036 0.695648 2.74328 1 20
09300 09300 -1.2601711154081 1.5880312401089 -2.18388 52 -11.0638 2.52184 -2.46468 6.36547 20.4329 -3.48761 0.00382515 2.79719 2.05258 -0.0273937 1 19
09302 09302 2.1286574811167 4.53118267191409 3.84925 42 -11.4716 3.3522 -0.228628 -0.539016 -5.63539 -0.974394 0.880435 -1.61347 -0.491652 1.63857 0 10
09306 09306 -1.2601711154081 1.5880312401089 -4.09671 61 -9.22973 4.55164 -0.289368 0.107383 3.81954 -0.289304 -0.520667 2.69802 -2.05006 -0.6545 1 15
09318 09318 -0.335945134537702 0.112859133419554 -4.41346 57 -13.7274 5.2874 0.0013223 3.0205 -8.59114 -3.2331 0.0422868 -6.1665 3.61266 6.84884 1 20
09324 09324 0.896356173289499 0.803454389394195 -3.37319 63 -11.2027 3.66583 -3.63948 -0.388334 -7.75181 1.6953 2.28502 -0.51253 4.29424 -0.316975 1 19
09328 09328 -0.644020461494502 0.414762354823591 -5.28818 53 -11.9168 4.7552 -3.1288 1.57729 -6.96904 0.866972 -2.0537 2.28991 -1.49912 1.19214 0 13
09339 09339 -1.2601711154081 1.5880312401089 -3.199 62 -13.8303 3.48235 -1.47005 -3.34018 -8.68502 -1.32155 2.39835 -2.98354 4.90972 -0.930475 1 20
09357 09357 0.588280846332699 0.346074354161917 -1.72438 58 -13.9916 1.30761 -3.2909 4.55886 15.42 0.850999 -2.17633 1.05318 3.47027 -1.99494 1 7
09361 09361 0.588280846332699 0.346074354161917 3.10838 65 -13.2867 2.29581 -0.543146 6.71106 12.7189 -0.132744 -0.111506 -2.65303 5.31429 0.5953 0 20
09384 09384 -1.2601711154081 1.5880312401089 -3.01078 61 -14.2508 6.21491 -0.0187662 0.0253619 -4.50022 1.41876 2.58036 3.35036 0.542694 -1.32383 0 10
09392 09392 -1.2601711154081 1.5880312401089 -0.970199 44 -12.2307 4.56835 -2.01987 -0.949829 -9.16314 -0.630918 1.74053 0.00248686 5.39948 0.513269 0 10
09419 09419 -0.0278698075809014 0.00077672617459647 0.320117 59 -13.4495 6.22312 -2.16139 1.96166 -7.05665 1.22565 -0.358472 -2.32803 4.15366 3.0253 1 19
09445 09445 0.588280846332699 0.346074354161917 -1.71928 55 -12.6442 4.06742 -1.4179 -0.3811 -7.89794 -1.06105 0.650884 -0.136118 1.31508 0.251475 0 10
09457 09457 -1.2601711154081 1.5880312401089 -1.75155 44 -11.5844 4.25014 -2.94261 2.43089 -6.29038 -1.16302 -0.0837519 -1.37422 0.525691 -2.40546 1 10
09462 09462 -1.2601711154081 1.5880312401089 -2.54725 61 -13.4231 1.82752 0.102736 -0.462855 -7.02631 1.71031 -2.60218 0.548199 -4.9388 1.44303 0 20
09464 09464 -0.0278698075809014 0.00077672617459647 -2.04675 55 -12.2585 7.63656 -1.32758 -0.615573 -7.2432 -0.400007 -1.44762 4.61915 -1.37082 2.36219 0 13
09470 09470 -0.644020461494502 0.414762354823591 -5.05448 66 -12.5429 2.11098 -1.29137 -3.49653 -8.06382 -3.88935 3.58595 0.364018 -1.29548 2.54871 0 10
09480 09480 -0.644020461494502 0.414762354823591 -4.66405 67 -14.6747 4.62784 -3.21241 6.56306 19.0757 -0.921553 0.624085 3.51326 -0.00331832 -2.9892 0 20
09490 09490 0.896356173289499 0.803454389394195 -5.40876 62 -12.0044 3.06821 -2.83016 0.752015 1.92204 1.76902 -1.40394 1.00891 0.526151 -0.838299 1 20
09506 09506 -0.644020461494502 0.414762354823591 4.81992 58 -12.4194 5.6682 -0.424649 4.15248 -3.43891 -1.56771 1.23008 -1.99577 -11.1449 4.60708 0 13
09510 09510 -1.2601711154081 1.5880312401089 0.96239 50 -14.0011 2.91538 -3.38967 4.88256 1.32853 -0.0978817 2.41796 -4.04626 -10.3438 4.10042 1 13
09514 09514 -0.0278698075809014 0.00077672617459647 -1.98532 43 -14.2701 5.30432 -4.03807 1.96956 7.88048 -1.48695 1.56074 -2.12064 -16.6618 1.09221 0 20
09556 09556 -0.644020461494502 0.414762354823591 -5.18311 62 -13.7277 5.31967 1.13687 -0.633362 -5.20054 0.142215 3.17799 0.14607 -1.01082 0.018004 0 10
09558 09558 0.588280846332699 0.346074354161917 -4.50584 57 -11.4961 5.16999 -0.590807 -2.50159 -3.38338 0.933056 3.50141 -1.84727 -6.33505 -2.11613 1 20
09569 09569 0.896356173289499 0.803454389394195 -5.20723 62 -13.859 5.19253 -4.85017 -1.64021 0.0673577 -0.574395 1.25066 0.718514 -5.36069 -0.466586 0 20
09570 09570 -0.952095788451302 0.906486390386706 -0.335177 49 -12.9113 3.84959 -2.73336 4.84094 9.72064 1.28225 -2.74231 2.2751 1.97342 -3.35745 0 20
09572 09572 0.280205519375899 0.0785151330887172 3.53594 67 -10.5076 5.08076 -0.242945 3.92183 8.66076 -0.489895 -0.902036 0.440922 1.62088 -4.32082 0 20
09585 09585 0.896356173289499 0.803454389394195 -0.617443 63 -14.1819 5.87659 -1.2499 4.11788 11.7104 -0.259391 3.13307 0.786833 -1.08937 -0.346607 0 20
09586 09586 1.2044315002463 1.45065523878555 -2.11609 60 -13.037 3.47739 -3.62998 3.10264 -2.31438 -2.99294 1.04055 4.08512 3.36037 0.200375 0 20
09588 09588 1.5125068272031 2.28767690233599 2.42105 67 -12.7823 2.88462 -3.67308 0.61413 -8.02033 2.62244 3.00895 -1.1204 3.3248 0.109417 1 10
09598 09598 -0.952095788451302 0.906486390386706 -2.79388 66 -9.75283 6.32219 -4.11749 0.452733 -3.1948 1.17418 -0.42879 3.62135 2.49998 -1.43799 0 20
09605 09605 -0.952095788451302 0.906486390386706 -4.31273 53 -11.3596 3.13604 -0.34897 -0.496604 -2.32774 -0.817524 0.667148 -1.71748 3.60693 -1.50223 1 7
09608 09608 -0.952095788451302 0.906486390386706 -2.06821 55 -13.4433 3.53966 -5.22608 2.60764 -6.30059 0.409827 1.73024 0.305031 -1.39262 -2.88171 0 10
09620 09620 -0.644020461494502 0.414762354823591 -3.73619 66 -12.0737 3.74892 -1.16021 -0.371114 -6.56672 -1.28817 4.70808 -4.52486 0.353822 -0.719428 0 15
09632 09632 -0.335945134537702 0.112859133419554 -2.26474 51 -13.3708 4.73705 -2.24236 1.80421 8.02345 0.331628 0.144568 2.02019 4.10367 -0.90481 1 19
09637 09637 1.8205821541599 3.3145193800455 -2.72334 61 -11.6939 4.20944 -0.348683 -0.684061 -1.7697 -0.0286095 1.73537 -0.523265 -0.509431 -0.196035 0 10
09643 09643 -0.644020461494502 0.414762354823591 -1.94564 57 -11.9838 3.00286 -4.42419 0.518912 -6.17662 -1.8008 3.01716 -3.52347 1.02727 0.476376 1 20
09665 09665 -0.0278698075809014 0.00077672617459647 -0.48626 52 -11.7768 2.03826 -0.464956 -2.86244 -5.8722 4.41034 2.68926 0.707075 1.02077 -3.13578 0 13
09669 09669 -0.335945134537702 0.112859133419554 -3.50181 50 -13.0199 2.33736 -3.24241 3.12693 1.01811 0.572666 -0.537028 -0.865252 2.84814 -3.41916 0 20
09681 09681 0.280205519375899 0.0785151330887172 -1.06439 47 -10.9132 2.28717 -2.45646 4.05665 5.89338 1.15437 2.27062 0.925498 -0.571092 -2.03189 1 19
09684 09684 -0.644020461494502 0.414762354823591 2.61454 54 -13.4578 4.38635 -4.49649 0.41721 -4.94928 -1.34502 2.08052 -2.87567 -2.65335 0.297208 0 20
09685 09685 -0.952095788451302 0.906486390386706 -1.36376 44 -12.7627 3.30476 0.103765 2.64083 0.596177 -3.30527 -1.36859 -2.03191 0.0534896 2.85576 0 13
09687 09687 -1.2601711154081 1.5880312401089 -2.8634 66 -13.1842 5.20431 -2.89963 5.21163 -3.26998 -0.327019 -1.6086 1.34645 3.64525 0.332474 1 7
09694 09694 0.588280846332699 0.346074354161917 0.670104 58 -12.1754 5.01379 -3.15161 2.33173 -1.81907 -2.27408 1.62565 -2.28755 4.30697 -1.56513 0 10
09700 09700 -0.644020461494502 0.414762354823591 -0.848086 69 -14.2644 4.14836 -5.38488 1.99623 3.96982 -0.866435 3.42605 2.15459 5.63346 -4.33247 1 13
09710 09710 -0.0278698075809014 0.00077672617459647 -1.11973 52 -11.942 5.06792 -0.0566951 -4.01469 -1.4875 -0.0714183 1.13464 1.0085 -0.526773 0.0218128 1 13
09722 09722 -0.335945134537702 0.112859133419554 -5.87505 60 -10.713 3.94899 0.534432 3.64728 11.0856 0.880481 1.06787 0.692325 2.32504 -0.211757 0 7
09741 09741 1.2044315002463 1.45065523878555 -3.77978 64 -13.5365 2.40165 -2.19566 0.849873 7.72757 -0.714288 -0.505904 1.66266 0.961466 -2.89763 0 13
09742 09742 -0.644020461494502 0.414762354823591 -4.5716 60 -11.5463 4.91854 -1.46314 -0.255439 -5.41434 -0.0607315 0.180389 -3.14272 0.14592 1.01633 0 20
09749 09749 0.896356173289499 0.803454389394195 -0.537937 68 -13.6621 7.05034 -2.8444 1.35111 -5.83079 -1.47562 0.0274793 0.402292 1.65526 -0.725512 0 15
09752 09752 -0.335945134537702 0.112859133419554 -5.20723 40 -15.6711 3.70427 -1.62998 1.39036 3.32172 -1.13254 0.575226 -3.56113 -17.1934 4.59495 1 20
09768 09768 -0.335945134537702 0.112859133419554 -3.6157 65 -13.1085 2.34073 -2.10964 3.81186 4.22642 -1.88549 0.627442 0.34596 2.74026 1.0613 0 7
09773 09773 -1.2601711154081 1.5880312401089 -5.20912 59 -11.0758 0.916095 -1.07384 0.101054 -5.8538 1.50336 0.522087 -1.2407 3.76585 -1.50554 1 10
09783 09783 -0.952095788451302 0.906486390386706 -2.56884 64 -12.2624 3.64164 -1.38016 -0.289159 -4.48138 0.830165 -0.746586 -2.13586 -3.29483 1.6234 1 13
09795 09795 -0.335945134537702 0.112859133419554 -0.0490786 56 -10.933 3.13797 -2.13476 -0.843414 -2.5146 -1.81445 1.13724 -4.01977 -2.44479 3.43827 1 13
09803 09803 -1.2601711154081 1.5880312401089 2.88875 43 -10.3471 2.90983 0.906835 -4.54015 -2.48632 2.51423 -0.832227 -1.80113 -2.19349 -1.30483 1 20
09811 09811 -1.2601711154081 1.5880312401089 3.89593 64 -11.0001 2.46531 -3.44088 0.585515 -3.36736 -0.197113 0.929936 1.44265 -0.863921 0.0359184 1 19
09815 09815 0.280205519375899 0.0785151330887172 -4.08646 61 -10.6599 3.45074 -1.20546 2.73073 2.67381 -0.1288 1.47024 -1.38969 1.89922 1.73214 1 20
09818 09818 0.588280846332699 0.346074354161917 -4.37972 44 -11.2094 1.3603 -1.1419 -0.861479 -0.596854 -1.11918 1.04868 0.504725 4.09944 -3.25415 1 10
09842 09842 -1.2601711154081 1.5880312401089 -2.16129 57 -14.6981 6.0614 -1.3532 3.52265 -1.6751 -0.585572 0.76302 0.465566 -0.369711 1.79924 0 15
09848 09848 0.896356173289499 0.803454389394195 -2.87017 44 -12.7183 2.16852 -0.846352 -1.23931 -2.91864 2.61486 0.35304 -2.57309 -3.89304 -1.8149 1 20
09872 09872 -0.0278698075809014 0.00077672617459647 -0.719903 54 -12.9765 0.371496 -1.18366 0.833032 -3.99109 -2.10671 -0.575664 -0.880761 -8.94424 3.36004 1 20
09873 09873 1.8205821541599 3.3145193800455 -4.2459 44 -10.5302 2.38625 0.779652 -0.457238 -8.77694 1.8412 1.07421 -2.53455 0.357787 1.25657 0 10
09877 09877 -0.952095788451302 0.906486390386706 -0.0112505 50 -9.61006 2.14066 -1.2692 0.186749 -8.69284 0.832804 1.35581 -0.356937 -2.79151 0.235463 0 20
09891 09891 0.280205519375899 0.0785151330887172 -4.26064 56 -12.0278 3.15955 -2.42988 5.53829 10.3274 -3.61672 -3.25275 1.53611 3.54424 0.114114 1 20
09893 09893 0.280205519375899 0.0785151330887172 4.47918 67 -13.4626 3.09221 -2.00621 -1.78 -4.65274 0.791245 2.32773 -1.74725 1.06877 0.773114 1 7
09909 09909 -0.335945134537702 0.112859133419554 -1.59422 62 -13.9205 4.55206 -7.51883 4.9444 13.5666 -1.01921 0.84569 3.30835 4.55683 -0.311846 1 19
09912 09912 -0.0278698075809014 0.00077672617459647 7.14002 46 -11.9453 2.21515 -2.3936 0.86054 -1.3311 -2.23588 3.08207 1.6822 3.33864 -2.10784 0 7
09931 09931 -1.2601711154081 1.5880312401089 -0.454367 70 -10.9806 1.81121 -2.99833 -2.09165 -7.11741 3.30655 2.09026 0.656589 -0.12057 -4.07786 1 13
09936 09936 -1.2601711154081 1.5880312401089 2.36129 43 -9.86531 0.617904 -1.12609 -2.37716 -3.39282 1.56143 3.41551 1.357 -3.3493 0.914386 0 10
09943 09943 -0.644020461494502 0.414762354823591 -3.19632 66 -10.5225 0.996576 -0.583559 0.6699 -4.80684 2.00051 -0.847186 1.09173 3.67176 1.01023 1 7
09952 09952 -0.0278698075809014 0.00077672617459647 -0.0847809 59 -12.5079 3.38246 -1.04492 -4.32465 -7.92191 -0.667794 -0.391402 -4.63709 -0.0125079 -0.0301048 0 20
09980 09980 -1.2601711154081 1.5880312401089 -4.56882 67 -10.029 4.1396 -0.683256 2.23713 -8.99383 -2.16646 1.31636 -3.45014 5.00777 3.26121 1 7
09982 09982 -0.952095788451302 0.906486390386706 -2.72762 61 -14.6556 5.23336 -3.0377 3.62428 9.12891 -1.82554 0.436739 1.25307 1.34284 -3.4082 1 19
10000 10000 -0.335945134537702 0.112859133419554 -3.24751 44 -11.6394 5.47484 -3.95877 0.94316 9.25721 -0.542392 -1.46089 1.83664 1.80581 0.582524 0 20
