00008 00008 31.6534
00016 00016 25.5035
00031 00031 26.7391
00032 00032 25.5271
00045 00045 26.7165
00057 00057 38.8272
00076 00076 40.2668
00077 00077 33.7597
00095 00095 26.2696
00108 00108 34.1878
00115 00115 31.4579
00116 00116 32.2831
00121 00121 26.1178
00126 00126 27.1416
00127 00127 24.9349
00134 00134 21.7469
00143 00143 21.6761
00144 00144 25.4017
00151 00151 24.6755
00152 00152 26.1224
00155 00155 25.2385
00157 00157 27.993
00158 00158 24.9121
00162 00162 28.1185
00173 00173 36.2696
00185 00185 23.0642
00198 00198 23.1633
00203 00203 25.3758
00204 00204 28.5461
00215 00215 22.7444
00216 00216 32.5052
00232 00232 26.0802
00234 00234 26.6718
00253 00253 23.9553
00293 00293 23.6686
00316 00316 23.2476
00323 00323 25.5036
00350 00350 25.9834
00358 00358 32.7173
00360 00360 22.1852
00362 00362 22.8262
00378 00378 25.6612
00405 00405 28.8044
00429 00429 30.4009
00442 00442 25.6558
00446 00446 27.3585
00452 00452 31.6263
00453 00453 35.7847
00456 00456 30.9298
00485 00485 27.2498
00486 00486 30.9689
00511 00511 28.5763
00538 00538 25.3565
00539 00539 25.5706
00544 00544 27.933
00557 00557 16.4898
00558 00558 33.4478
00568 00568 31.4627
00598 00598 26.8571
00621 00621 26.5285
00622 00622 25.698
00628 00628 27.8896
00638 00638 26.477
00649 00649 27.6666
00662 00662 29.27
00673 00673 26.0145
00674 00674 23.9866
00677 00677 27.8947
00693 00693 31.0374
00701 00701 22.7904
00716 00716 27.0842
00721 00721 24.4245
00727 00727 21.8985
00728 00728 26.083
00733 00733 30.1783
00748 00748 29.2388
00751 00751 30.3934
00773 00773 23.8437
00782 00782 29.0659
00789 00789 30.7011
00791 00791 27.0062
00817 00817 25.5006
00828 00828 24.0346
00841 00841 25.3177
00847 00847 27.9068
00861 00861 24.7156
00883 00883 28.9619
00927 00927 18.8492
00930 00930 28.0468
00933 00933 29.8586
00947 00947 27.6817
00952 00952 31.6959
00963 00963 23.7508
00964 00964 43.584
00965 00965 30.4152
00966 00966 20.4452
00974 00974 27.7647
00978 00978 25.8953
00995 00995 28.4341
00999 00999 23.1237
01007 01007 39.1574
01012 01012 29.0466
01039 01039 28.5813
01050 01050 29.0337
01053 01053 24.7837
01057 01057 23.9453
01062 01062 23.9158
01082 01082 28.0896
01093 01093 22.52
01113 01113 23.5666
01117 01117 35.5709
01124 01124 27.1788
01130 01130 27.8531
01152 01152 31.5895
01162 01162 22.3464
01167 01167 23.2874
01171 01171 23.2558
01175 01175 24.7409
01181 01181 27.8599
01205 01205 26.1628
01213 01213 24.6069
01253 01253 37.5203
01254 01254 20.7422
01259 01259 34.7126
01265 01265 27.0767
01274 01274 34.5484
01275 01275 27.3765
01279 01279 37.6892
01280 01280 26.0753
01282 01282 38.7031
01295 01295 31.1791
01313 01313 22.7596
01322 01322 30.863
01329 01329 26.3958
01335 01335 32.5669
01346 01346 26.3437
01366 01366 26.5162
01367 01367 26.6981
01397 01397 32.699
01398 01398 22.8972
01404 01404 29.2162
01412 01412 26.9972
01415 01415 28.8628
01417 01417 23.7698
01425 01425 25.2792
01427 01427 25.1562
01436 01436 17.8906
01453 01453 25.8199
01464 01464 28.0859
01465 01465 23.3969
01480 01480 21.953
01488 01488 19.6684
01497 01497 28.6923
01504 01504 28.9662
01526 01526 27.6666
01537 01537 26.0065
01586 01586 23.3976
01591 01591 31.6337
01600 01600 30.2041
01631 01631 27.5849
01632 01632 25.8612
01639 01639 26.1752
01667 01667 26.5641
01670 01670 36.7677
01678 01678 27.125
01680 01680 27.4013
01691 01691 20.2115
01695 01695 23.2197
01714 01714 25.3569
01723 01723 25.3633
01724 01724 24.2415
01730 01730 28.1081
01743 01743 23.4198
01747 01747 26.4236
01750 01750 23.8803
01759 01759 29.0022
01764 01764 22.7263
01790 01790 20.8676
01791 01791 30.4321
01797 01797 20.2497
01816 01816 21.729
01828 01828 26.6475
01833 01833 23.3407
01845 01845 29.3221
01879 01879 35.8726
01881 01881 22.8099
01885 01885 21.5682
01902 01902 23.6678
01905 01905 23.4339
01914 01914 23.4906
01948 01948 35.3186
01965 01965 27.4412
01966 01966 19.9481
01975 01975 22.9544
01976 01976 28.699
01981 01981 26.9768
01988 01988 27.5959
01990 01990 31.7355
01991 01991 23.8343
01994 01994 26.0571
02011 02011 32.735
02018 02018 31.6776
02038 02038 37.7438
02041 02041 25.2082
02045 02045 27.5997
02054 02054 25.5859
02056 02056 25.3395
02074 02074 34.1182
02087 02087 28.8866
02093 02093 28.6927
02104 02104 22.1279
02106 02106 22.192
02120 02120 25.7623
02138 02138 26.1228
02150 02150 26.3107
02151 02151 25.8394
02152 02152 26.6055
02161 02161 26.5143
02183 02183 25.625
02189 02189 25.7643
02213 02213 24.3323
02223 02223 29.9967
02232 02232 30.5075
02237 02237 25.7859
02263 02263 22.7037
02279 02279 21.6368
02283 02283 25.6821
02316 02316 24.338
02332 02332 24.589
02347 02347 29.8437
02355 02355 30.0552
02375 02375 22.7537
02382 02382 32.849
02386 02386 20.9902
02399 02399 25.0762
02404 02404 24.5161
02405 02405 27.6989
02418 02418 30.9404
02439 02439 32.526
02441 02441 29.712
02463 02463 26.8976
02527 02527 42.6891
02555 02555 29.1349
02556 02556 36.2776
02578 02578 30.8021
02586 02586 22.4941
02590 02590 31.4409
02598 02598 22.03
02599 02599 24.858
02628 02628 28.3554
02641 02641 23.7649
02660 02660 23.9673
02669 02669 23.5021
02673 02673 22.5575
02678 02678 35.7785
02698 02698 29.3776
02701 02701 29.5344
02705 02705 23.9048
02711 02711 22.5482
02714 02714 26.3423
02717 02717 25.6312
02719 02719 27.9202
02750 02750 28.7891
02752 02752 25.7398
02757 02757 28.5633
02761 02761 26.6422
02782 02782 23.5863
02794 02794 30.8997
02831 02831 23.9706
02839 02839 36.0972
02842 02842 28.7052
02845 02845 34.5579
02869 02869 31.3767
02878 02878 26.2721
02912 02912 26.0554
02925 02925 29.7608
02952 02952 21.9098
02955 02955 33.0687
02964 02964 32.3486
02966 02966 31.1532
02969 02969 32.1453
02978 02978 32.7811
02983 02983 24.5161
02994 02994 23.7024
03005 03005 25.7657
03010 03010 28.8789
03016 03016 28.664
03086 03086 21.9083
03126 03126 19.152
03137 03137 25.8248
03142 03142 39.1532
03149 03149 28.082
03152 03152 20.5875
03177 03177 29.9357
03196 03196 37.1972
03203 03203 25.9107
03205 03205 28.1831
03217 03217 25.2442
03222 03222 27.1594
03223 03223 25.0386
03242 03242 35.9879
03244 03244 26.7056
03246 03246 30.8979
03252 03252 26.0617
03268 03268 22.3945
03270 03270 23.7477
03271 03271 28.7323
03279 03279 31.875
03299 03299 25.5117
03308 03308 26.4721
03316 03316 26.0422
03318 03318 31.9667
03338 03338 33.6653
03343 03343 37.8776
03350 03350 28.0003
03353 03353 25.6973
03366 03366 21.1638
03379 03379 23.044
03382 03382 29.8214
03396 03396 35.3767
03409 03409 27.5176
03446 03446 23.8408
03472 03472 27.5342
03474 03474 29.3894
03479 03479 20.2913
03493 03493 23.8751
03499 03499 21.1037
03513 03513 26.1719
03552 03552 31.0847
03555 03555 26.0208
03578 03578 22.9005
03586 03586 25.5605
03589 03589 33.987
03594 03594 34.4305
03596 03596 22.1949
03599 03599 26.6718
03600 03600 26.0146
03625 03625 25.9909
03628 03628 29.7228
03649 03649 28.1943
03656 03656 27.435
03662 03662 46.106
03684 03684 25.8621
03686 03686 28.0402
03694 03694 31.1852
03701 03701 32.7983
03704 03704 24.6904
03726 03726 37.47
03729 03729 29.1493
03761 03761 25.2015
03765 03765 24.2814
03774 03774 23.7728
03788 03788 28.6493
03792 03792 26.0602
03800 03800 20.068
03804 03804 27.0093
03810 03810 26.2303
03816 03816 22.498
03823 03823 31.9481
03873 03873 27.1143
03875 03875 27.8421
03880 03880 23.6572
03885 03885 49.2843
03899 03899 28.5464
03904 03904 25.3772
03905 03905 25.2709
03906 03906 26.9629
03908 03908 25.6994
03909 03909 27.2509
03911 03911 29.9264
03912 03912 30.2494
03922 03922 25.0768
03946 03946 25.6059
03957 03957 26.462
03959 03959 33.4235
03974 03974 24.2123
03975 03975 24.5599
04028 04028 31.809
04030 04030 34.3429
04054 04054 27.8189
04087 04087 31.0531
04090 04090 19.8694
04099 04099 29.7004
04101 04101 25.8286
04106 04106 20.8457
04123 04123 33.3594
04126 04126 27.5597
04128 04128 40.5748
04154 04154 25.8131
04169 04169 21.1858
04172 04172 28.3062
04200 04200 25.6005
04220 04220 23.988
04230 04230 25.4327
04236 04236 25.8065
04249 04249 22.8625
04260 04260 26.0951
04301 04301 27.2062
04307 04307 29.3623
04309 04309 23.9974
04318 04318 27.8246
04324 04324 25.5347
04325 04325 25.2735
04326 04326 33.7771
04327 04327 26.7354
04334 04334 30.9766
04340 04340 27.2469
04342 04342 23.7954
04358 04358 25.0333
04360 04360 26.5966
04361 04361 22.1442
04376 04376 30.1384
04383 04383 29.7888
04408 04408 20.9483
04425 04425 31.0256
04433 04433 25.6896
04434 04434 22.4633
04436 04436 28.5467
04453 04453 22.8788
04456 04456 28.6726
04471 04471 26.0863
04480 04480 29.3977
04501 04501 26.2987
04506 04506 28.7527
04519 04519 34.2212
04528 04528 22.4646
04533 04533 27.0194
04563 04563 24.3918
04572 04572 28.4403
04574 04574 26.7158
04589 04589 27.8603
04634 04634 29.431
04678 04678 25.1486
04711 04711 21.6794
04712 04712 21.9713
04721 04721 24.4229
04747 04747 24.2561
04772 04772 23.2294
04785 04785 21.227
04792 04792 32.9274
04807 04807 28.9348
04875 04875 29.4162
04887 04887 31.4122
04895 04895 28.3556
04904 04904 22.4343
04929 04929 25.1562
04935 04935 26.8198
04940 04940 26.1892
04947 04947 23.0681
04972 04972 28.3075
04980 04980 23.0954
04986 04986 34.8837
04993 04993 35.0916
05004 05004 22.477
05008 05008 20.9781
05011 05011 19.9359
05015 05015 26.5641
05016 05016 30.321
05020 05020 23.1415
05022 05022 25.4071
05026 05026 24.0101
05033 05033 30.4321
05039 05039 36.3412
05064 05064 30.4438
05082 05082 21.551
05088 05088 26.2909
05144 05144 24.3582
05153 05153 27.2792
05198 05198 24.2056
05199 05199 21.9839
05200 05200 25.8642
05227 05227 26.4453
05240 05240 30.4106
05250 05250 32.0091
05251 05251 27.952
05256 05256 30.4134
05261 05261 30.4038
05262 05262 27.8081
05277 05277 25.6147
05305 05305 24.4956
05312 05312 25.6382
05326 05326 23.0178
05334 05334 24.8432
05338 05338 28.8778
05366 05366 25.0343
05386 05386 24.9056
05414 05414 25.5183
05417 05417 23.8144
05431 05431 23.737
05435 05435 28.3699
05437 05437 20.0364
05444 05444 28.8683
05450 05450 29.5874
05451 05451 23.6312
05469 05469 22.4528
05470 05470 27.1972
05479 05479 45.4466
05491 05491 25.0761
05500 05500 23.3011
05515 05515 28.1065
05522 05522 25.2467
05524 05524 38.2934
05528 05528 31.7663
05538 05538 20.5486
05545 05545 31.3116
05556 05556 30.3085
05558 05558 34.7282
05563 05563 32.7919
05575 05575 23.6
05579 05579 17.7734
05582 05582 25.3324
05584 05584 30.3715
05585 05585 30.4863
05586 05586 26.3879
05595 05595 25.3287
05615 05615 23.8624
05625 05625 33.3928
05637 05637 21.7969
05641 05641 23.5951
05656 05656 29.7973
05665 05665 17.9297
05675 05675 44.8097
05678 05678 36.1012
05684 05684 21.7013
05686 05686 20.7099
05696 05696 28.6689
05713 05713 26.1577
05719 05719 25.9265
05728 05728 27.1103
05731 05731 25.7959
05738 05738 27.9328
05744 05744 26.5744
05747 05747 28.9206
05749 05749 20.9644
05761 05761 30.8365
05762 05762 26.747
05763 05763 24.2415
05775 05775 22.9687
05804 05804 26.0547
05805 05805 24.169
05820 05820 19.7927
05822 05822 30.8957
05826 05826 31.2273
05827 05827 25.5035
05837 05837 27.4756
05841 05841 22.6724
05845 05845 31.7714
05857 05857 23.2005
05863 05863 20.6904
05865 05865 24.0238
05882 05882 26.0781
05894 05894 22.4485
05900 05900 22.8764
05919 05919 23.4179
05935 05935 27.5631
05966 05966 29.1317
05976 05976 43.6047
05977 05977 26.117
06004 06004 32.5177
06005 06005 26.2304
06006 06006 21.8248
06010 06010 24.3911
06021 06021 31.7535
06029 06029 22.3967
06058 06058 19.7232
06060 06060 25.6059
06065 06065 28.9346
06085 06085 25.2795
06104 06104 25.2727
06114 06114 30.9007
06116 06116 26.358
06126 06126 30.1808
06130 06130 33.3714
06143 06143 35.6602
06176 06176 30.2436
06212 06212 27.6621
06222 06222 28.4688
06228 06228 28.7994
06245 06245 24.577
06258 06258 28.7211
06263 06263 29.7627
06271 06271 22.3945
06280 06280 27.9571
06285 06285 26.9788
06294 06294 24.1322
06312 06312 27.9036
06321 06321 40.2938
06330 06330 29.0478
06335 06335 31.771
06340 06340 24.4899
06341 06341 24.5581
06382 06382 26.5723
06393 06393 28.3554
06399 06399 23.6522
06438 06438 27.9657
06451 06451 29.5614
06457 06457 23.7387
06469 06469 28.8462
06470 06470 26.0462
06482 06482 25.7122
06485 06485 25.8122
06496 06496 26.0371
06498 06498 30.6701
06535 06535 25.193
06538 06538 26.2784
06548 06548 22.0851
06578 06578 22.4793
06583 06583 19.7927
06593 06593 24.4561
06597 06597 29.1516
06603 06603 25.6519
06614 06614 25
06615 06615 32.3232
06665 06665 31.7117
06682 06682 26.0771
06685 06685 28.0571
06686 06686 27.3646
06687 06687 37.1556
06692 06692 25.8857
06711 06711 24.5446
06716 06716 33.2748
06721 06721 30.2799
06724 06724 29.3632
06751 06751 30.9917
06755 06755 27.5468
06762 06762 25.9629
06795 06795 23.9867
06801 06801 36.6434
06806 06806 27.5237
06811 06811 24.9559
06812 06812 29.2609
06848 06848 25.679
06854 06854 27.6715
06855 06855 29.3064
06862 06862 25.5456
06864 06864 31.5556
06871 06871 30.7596
06873 06873 27.4747
06876 06876 42.6814
06885 06885 20.5782
06918 06918 35.5794
06920 06920 25.1355
06923 06923 23.1911
06924 06924 21.6499
06937 06937 20.082
06943 06943 21.3111
06947 06947 35.8917
06952 06952 28.7969
06953 06953 27.6343
06962 06962 21.0937
06969 06969 33.6109
06971 06971 30.8813
06973 06973 35.3493
06981 06981 30.5735
06987 06987 22.6736
06998 06998 27.6097
07001 07001 32.5968
07003 07003 23.5245
07010 07010 34.8304
07022 07022 30.1883
07045 07045 29.9102
07053 07053 31.4039
07054 07054 23.8236
07061 07061 33.1598
07071 07071 24.4913
07075 07075 24.6643
07082 07082 22.3183
07089 07089 34.0123
07093 07093 29.3113
07095 07095 19.8286
07096 07096 24.108
07102 07102 34.3737
07105 07105 33.9295
07112 07112 29.8295
07140 07140 22.0293
07144 07144 30.7138
07148 07148 26.6953
07154 07154 26.3605
07158 07158 19.6357
07214 07214 31.378
07219 07219 25.8248
07230 07230 29.6891
07240 07240 33.3267
07251 07251 22.2861
07259 07259 30.9666
07266 07266 21.8724
07270 07270 23.552
07275 07275 25.4511
07276 07276 21.1148
07279 07279 29.9102
07281 07281 29.3028
07283 07283 26.1816
07285 07285 28.2167
07294 07294 24.2667
07295 07295 23.8054
07297 07297 26.5203
07298 07298 26.1277
07304 07304 24.1288
07326 07326 24.3375
07341 07341 23.5884
07364 07364 28.1503
07365 07365 19.1736
07387 07387 29.2335
07399 07399 26.2336
07404 07404 28.4919
07420 07420 25.8612
07459 07459 34.0245
07466 07466 26.0584
07469 07469 34.1598
07471 07471 37.1895
07475 07475 24.3689
07484 07484 29.9308
07498 07498 20.5293
07506 07506 26.5346
07507 07507 23.737
07510 07510 31.7418
07514 07514 24.3152
07526 07526 26.7737
07527 07527 33.4053
07548 07548 25.5843
07560 07560 28.7527
07563 07563 21.3391
07565 07565 26.142
07577 07577 30.4451
07584 07584 19.5008
07594 07594 28.897
07602 07602 29.195
07607 07607 32.1377
07617 07617 27.079
07618 07618 22.8466
07621 07621 25.8448
07626 07626 26.2284
07628 07628 23.6609
07639 07639 29.8682
07651 07651 22.2837
07661 07661 25.5593
07675 07675 24.5679
07686 07686 26.7092
07693 07693 31.7743
07698 07698 18.3263
07713 07713 23.8565
07731 07731 38.6315
07734 07734 28.2206
07735 07735 31.5815
07758 07758 37.8545
07762 07762 21.5176
07773 07773 33.8281
07801 07801 28.3391
07812 07812 27.6622
07830 07830 29.0498
07833 07833 33.705
07837 07837 33.8882
07840 07840 31.3601
07852 07852 24.3103
07857 07857 30.9007
07861 07861 22.5896
07866 07866 26.2138
07875 07875 22.4793
07912 07912 28.3168
07924 07924 24.4646
07929 07929 25.8541
07950 07950 27.4549
07959 07959 26.6595
07984 07984 28.8121
08004 08004 23.3234
08008 08008 30.4134
08015 08015 27.9374
08021 08021 28.3604
08030 08030 24.4444
08054 08054 22.4082
08063 08063 23.9794
08065 08065 20.5591
08068 08068 26.6526
08074 08074 34.0791
08077 08077 21.0427
08079 08079 27.2318
08082 08082 24.8192
08090 08090 30.0225
08123 08123 43.3863
08130 08130 26.7165
08133 08133 27.838
08148 08148 21.5657
08169 08169 27.4729
08172 08172 27.7319
08174 08174 24.7183
08180 08180 28.9209
08183 08183 24.6079
08199 08199 23.6
08200 08200 22.9209
08209 08209 26.927
08212 08212 22.2948
08221 08221 29.5614
08243 08243 26.4159
08249 08249 26.1857
08254 08254 32.3486
08265 08265 26.3253
08267 08267 32.4202
08277 08277 24.4287
08292 08292 23.1755
08306 08306 24.4995
