08308 08308 26.5723
08319 08319 20.2632
08336 08336 27.7365
08346 08346 18.75
08348 08348 23.3025
08363 08363 24.9871
08372 08372 24.5975
08376 08376 26.782
08384 08384 28.9955
08396 08396 26.7986
08406 08406 28.1367
08413 08413 31.6852
08426 08426 26.7149
08429 08429 23.6609
08449 08449 23.9766
08450 08450 30.5575
08459 08459 26.8858
08469 08469 26.0192
08472 08472 20.8467
08473 08473 26.3856
08475 08475 22.4653
08484 08484 27.6262
08488 08488 23.4936
08504 08504 21.8248
08508 08508 35.6418
08513 08513 24.9925
08554 08554 21.3281
08581 08581 21.3995
08596 08596 31.3281
08603 08603 24.4983
08609 08609 17.7778
08620 08620 35.9487
08647 08647 21.4086
08648 08648 25.8586
08666 08666 28.6328
08686 08686 24.4291
08693 08693 46.4853
08703 08703 28.9811
08722 08722 25.2363
08726 08726 29.0354
08727 08727 27.1433
08729 08729 22.7761
08730 08730 30
08734 08734 25.1148
08737 08737 20.5282
08739 08739 25.2482
08741 08741 27.2463
08763 08763 32.4544
08769 08769 29.5768
08779 08779 27.7703
08782 08782 26.1719
08783 08783 25.5648
08801 08801 28.559
08809 08809 29.1121
08813 08813 28.6542
08821 08821 25.0574
08830 08830 29.3495
08832 08832 25.5456
08843 08843 22.112
08847 08847 27.0197
08850 08850 31.5044
08852 08852 25.2301
08863 08863 25.0693
08866 08866 28.578
08880 08880 29.4236
08883 08883 27.465
08894 08894 28.699
08933 08933 26.4626
08938 08938 26.3728
08956 08956 29.348
08961 08961 30.6831
08962 08962 27.6006
08965 08965 21.8449
08970 08970 28.7593
08982 08982 21.299
08984 08984 25.2759
08988 08988 27.4394
09002 09002 27.5306
09008 09008 24.2439
09013 09013 31.682
09018 09018 27.7015
09021 09021 28.2585
09036 09036 32.0003
09042 09042 20.0159
09045 09045 28.3447
09048 09048 26.9768
09051 09051 28.9971
09063 09063 28.1153
09064 09064 32.4179
09070 09070 27.5749
09073 09073 25.8948
09077 09077 36.5121
09097 09097 35.2083
09118 09118 21.8724
09134 09134 24.6584
09147 09147 34.6397
09155 09155 21.7914
09161 09161 33.2735
09176 09176 27.0934
09214 09214 28.4512
09222 09222 28.9518
09229 09229 19.6331
09240 09240 23.5723
09246 09246 25
09247 09247 26.9972
09251 09251 24.5674
09252 09252 22.7885
09253 09253 25.584
09257 09257 36.9344
09263 09263 26.4381
09266 09266 26.8273
09267 09267 23.3923
09268 09268 21.7944
09273 09273 26.997
09274 09274 35.3903
09279 09279 24.539
09281 09281 22.9005
09282 09282 27.2978
09283 09283 27.8866
09287 09287 21.9355
09289 09289 43.9267
09291 09291 28.1233
09292 09292 44.3932
09295 09295 25.6327
09296 09296 29.6034
09300 09300 32.1094
09302 09302 31.0979
09306 09306 36.1198
09318 09318 38.841
09324 09324 29.9722
09328 09328 27.466
09339 09339 33.2699
09357 09357 24.679
09361 09361 20.8326
09384 09384 24.5761
09392 09392 23.4432
09419 09419 31.1964
09445 09445 20.3997
09457 09457 42.1904
09462 09462 28.5869
09464 09464 34.4289
09470 09470 22.2908
09480 09480 33.7149
09490 09490 23.0762
09506 09506 22.3094
09510 09510 28.8503
09514 09514 36.215
09556 09556 26.0771
09558 09558 24.6599
09569 09569 29.8929
09570 09570 25.7851
09572 09572 22.0317
09585 09585 29.8592
09586 09586 18.4517
09588 09588 27.3088
09598 09598 24.7133
09605 09605 31.1073
09608 09608 27.7145
09620 09620 27.571
09632 09632 29.1592
09637 09637 30.9917
09643 09643 25.2493
09665 09665 33.0234
09669 09669 23.4898
09681 09681 26.0933
09684 09684 33.218
09685 09685 21.9083
09687 09687 24.9649
09694 09694 30.7518
09700 09700 23.4509
09710 09710 25.0259
09722 09722 24.9108
09741 09741 26.2204
09742 09742 22.7466
09749 09749 19.0363
09752 09752 27.9636
09768 09768 26.2891
09773 09773 34.4922
09783 09783 26.2857
09795 09795 33.8004
09803 09803 24.8584
09811 09811 21.4981
09815 09815 28.4166
09818 09818 21.254
09842 09842 24.0484
09848 09848 24.0007
09872 09872 28.8653
09873 09873 25.9483
09877 09877 19.4825
09891 09891 30.9936
09893 09893 21.8339
09909 09909 24.5739
09912 09912 25.1172
09931 09931 23.8022
09936 09936 21.551
09943 09943 30.2048
09952 09952 20.0546
09980 09980 28.2692
09982 09982 25.9667
10000 10000 27.0969
